 &SRS
 SRSRUN=236465,SRSDAT=2021124,SRSTIM=25234,
 SRSSTN='Bran',SRSPRJ='I06-1   ',SRSEXP='Emulator',
 SRSTLE='                                                            ',
 SRSCN1='        ',SRSCN2='        ',SRSCN3='        ',
<MetaDataAtStart>
command=scan fastEnergy 0.0 199.0 1.0 fesData 0 1
date='Wed Feb 24 14:52:34 2021'
beamenergy=3.00088048082
ringcurrent=300.955402813
iddgap=36.38535
iddtrp=-22.426
iddbrp=-22.426
idugap=100.0
idutrp=0.0
idubrp=0.0
pugap=155.004
pgmpitch=88.2676105484
pgmgratpitch=87.5558557257
cff=2.25
grating=400
pgmenergy=694.6659
denergy=694.666
uenergy=694.666
s1xgap=1.497
s1ygap=1.496
m1x=-5.0
m1pitch=-8509.0
m1qg=0.0765
m6x=3.0
m6yaw=-247.0
m6pitch=-10910.0
m6qg=0.0234
m7x=-1.4
m7pitch=6949.0
m7qg=7.3758
d9y=-16.000026
d10y=6.003
d11y=2.9
s6x=1.5147
s6xgap=1500.0
s6y=8.4887
s6ygap=20.068
iamp12_gain=10^7 V/A
magx=0.0
magy=0.0
magz=6.0
scmx=0.0
scmy=-4.0
scmth=3e-05
Tsample_mag=1.9
amp_scm_gain=5.0
amp_XABS_gain=6.0
amp_DDIFF_gain=5.0
m7y=-19.1
</MetaDataAtStart>
 &END
fastEnergy	pIndex	C1	C2	C3	C4	iddenergy	pgmenergy	C5	C6	idio	ifio	ifioft	ifiofb
694.936200	    0	  35727.000000000000	  21605.000000000000	   4597.000000000000	   1813.000000000000	    695.618000000000	    694.936200000000	   5599.000000000000	      0.000000000000	      1.653644989586	      0.212774820643	      0.083915760241	      0.259152973849
695.131900	    1	  36163.000000000000	  21813.000000000000	   4611.000000000000	   2022.000000000000	    695.618000000000	    695.131900000000	   5640.000000000000	      0.000000000000	      1.657864576170	      0.211387704580	      0.092697015541	      0.258561408334
695.352300	    2	  36461.000000000000	  21956.000000000000	   4631.000000000000	   2079.000000000000	    695.699000000000	    695.352300000000	   5645.000000000000	      0.000000000000	      1.660639460740	      0.210921843687	      0.094689378758	      0.257105119330
695.544100	    3	  36458.000000000000	  21960.000000000000	   4653.000000000000	   1898.000000000000	    695.912000000000	    695.544100000000	   5648.000000000000	      0.000000000000	      1.660200364299	      0.211885245902	      0.086429872495	      0.257194899818
695.754100	    4	  36494.000000000000	  21980.000000000000	   4649.000000000000	   1780.000000000000	    696.125000000000	    695.754100000000	   5635.000000000000	      0.000000000000	      1.660327570519	      0.211510464058	      0.080982711556	      0.256369426752
695.943700	    5	  36533.000000000000	  22003.000000000000	   4637.000000000000	   1935.000000000000	    696.324000000000	    695.943700000000	   5638.000000000000	      0.000000000000	      1.660364495751	      0.210743989456	      0.087942553288	      0.256237785756
696.147900	    6	  36556.000000000000	  22013.000000000000	   4649.000000000000	   2109.000000000000	    696.547000000000	    696.147900000000	   5654.000000000000	      0.000000000000	      1.660655067460	      0.211193385727	      0.095807023123	      0.256848226048
696.337700	    7	  36589.000000000000	  22035.000000000000	   4638.000000000000	   1972.000000000000	    696.782000000000	    696.337700000000	   5635.000000000000	      0.000000000000	      1.660494667574	      0.210483321988	      0.089493986839	      0.255729521216
696.549700	    8	  36623.000000000000	  22050.000000000000	   4657.000000000000	   1790.000000000000	    697.007000000000	    696.549700000000	   5640.000000000000	      0.000000000000	      1.660907029478	      0.211201814059	      0.081179138322	      0.255782312925
696.743700	    9	  36609.000000000000	  22066.000000000000	   4680.000000000000	   1860.000000000000	    697.220000000000	    696.743700000000	   5631.000000000000	      0.000000000000	      1.659068249796	      0.212090999728	      0.084292576815	      0.255188978519
696.949500	   10	  36621.000000000000	  22075.000000000000	   4639.000000000000	   2060.000000000000	    697.439000000000	    696.949500000000	   5649.000000000000	      0.000000000000	      1.658935447339	      0.210147225368	      0.093318233296	      0.255900339751
697.148700	   11	  36643.000000000000	  22078.000000000000	   4646.000000000000	   2048.000000000000	    697.669000000000	    697.148700000000	   5645.000000000000	      0.000000000000	      1.659706495154	      0.210435727874	      0.092762025546	      0.255684391702
697.363800	   12	  36608.000000000000	  22074.000000000000	   4630.000000000000	   1847.000000000000	    697.853000000000	    697.363800000000	   5624.000000000000	      0.000000000000	      1.658421672556	      0.209749026003	      0.083673099574	      0.254779378454
697.583100	   13	  36627.000000000000	  22087.000000000000	   4656.000000000000	   1835.000000000000	    698.125000000000	    697.583100000000	   5637.000000000000	      0.000000000000	      1.658305790737	      0.210802734640	      0.083080545117	      0.255218001539
697.815700	   14	  36622.000000000000	  22090.000000000000	   4655.000000000000	   1990.000000000000	    698.340000000000	    697.815700000000	   5635.000000000000	      0.000000000000	      1.657854232684	      0.210728836578	      0.090086011770	      0.255092802173
698.036300	   15	  36672.000000000000	  22111.000000000000	   4695.000000000000	   2064.000000000000	    698.561000000000	    698.036300000000	   5637.000000000000	      0.000000000000	      1.658540997693	      0.212337750441	      0.093347202750	      0.254940979603
698.271200	   16	  36685.000000000000	  22114.000000000000	   4659.000000000000	   1921.000000000000	    698.793000000000	    698.271200000000	   5629.000000000000	      0.000000000000	      1.658903861807	      0.210681016551	      0.086868047391	      0.254544632360
698.486500	   17	  36692.000000000000	  22126.000000000000	   4662.000000000000	   1824.000000000000	    699.024000000000	    698.486500000000	   5637.000000000000	      0.000000000000	      1.658320527886	      0.210702341137	      0.082436952002	      0.254768146072
698.734400	   18	  36712.000000000000	  22127.000000000000	   4668.000000000000	   1890.000000000000	    699.243000000000	    698.734400000000	   5654.000000000000	      0.000000000000	      1.659149455416	      0.210963980657	      0.085416007593	      0.255524924301
698.942300	   19	  36733.000000000000	  22139.000000000000	   4678.000000000000	   2053.000000000000	    699.472000000000	    698.942300000000	   5624.000000000000	      0.000000000000	      1.659198699128	      0.211301323456	      0.092732282398	      0.254031347396
699.175300	   20	  36744.000000000000	  22149.000000000000	   4686.000000000000	   2016.000000000000	    699.692000000000	    699.175300000000	   5653.000000000000	      0.000000000000	      1.658946227821	      0.211567113639	      0.091019910605	      0.255225969570
699.375900	   21	  36715.000000000000	  22136.000000000000	   4670.000000000000	   1866.000000000000	    699.925000000000	    699.375900000000	   5638.000000000000	      0.000000000000	      1.658610408385	      0.210968558005	      0.084297072642	      0.254698229129
699.616300	   22	  36715.000000000000	  22142.000000000000	   4675.000000000000	   1830.000000000000	    700.144000000000	    699.616300000000	   5679.000000000000	      0.000000000000	      1.658160961069	      0.211137205311	      0.082648360582	      0.256480896035
699.813600	   23	  36729.000000000000	  22157.000000000000	   4693.000000000000	   1983.000000000000	    700.359000000000	    699.813600000000	   5677.000000000000	      0.000000000000	      1.657670262220	      0.211806652525	      0.089497675678	      0.256216996886
700.039000	   24	  36771.000000000000	  22164.000000000000	   4687.000000000000	   2075.000000000000	    700.591000000000	    700.039000000000	   5667.000000000000	      0.000000000000	      1.659041689226	      0.211469048908	      0.093620285147	      0.255684894423
700.246700	   25	  36809.000000000000	  22176.000000000000	   4702.000000000000	   1927.000000000000	    700.824000000000	    700.246700000000	   5663.000000000000	      0.000000000000	      1.659857503608	      0.212031024531	      0.086895743146	      0.255366161616
700.445800	   26	  36829.000000000000	  22183.000000000000	   4682.000000000000	   1813.000000000000	    701.046000000000	    700.445800000000	   5697.000000000000	      0.000000000000	      1.660235315332	      0.211062525357	      0.081729252130	      0.256818284272
700.641500	   27	  36868.000000000000	  22201.000000000000	   4701.000000000000	   1911.000000000000	    701.265000000000	    700.641500000000	   5694.000000000000	      0.000000000000	      1.660645916851	      0.211747218594	      0.086077203730	      0.256474933562
700.838300	   28	  36852.000000000000	  22189.000000000000	   4701.000000000000	   2073.000000000000	    701.494000000000	    700.838300000000	   5707.000000000000	      0.000000000000	      1.660822930281	      0.211861733291	      0.093424669881	      0.257199513272
701.032100	   29	  36887.000000000000	  22206.000000000000	   4715.000000000000	   1993.000000000000	    701.710000000000	    701.032100000000	   5690.000000000000	      0.000000000000	      1.661127623165	      0.212330000901	      0.089750517878	      0.256237053049
701.227100	   30	  36951.000000000000	  22228.000000000000	   4722.000000000000	   1844.000000000000	    701.937000000000	    701.227100000000	   5729.000000000000	      0.000000000000	      1.662362785676	      0.212434766961	      0.082958430808	      0.257737988123
701.432900	   31	  36963.000000000000	  22224.000000000000	   4730.000000000000	   1849.000000000000	    702.164000000000	    701.432900000000	   5748.000000000000	      0.000000000000	      1.663201943844	      0.212832973362	      0.083198344132	      0.258639308855
701.614800	   32	  36987.000000000000	  22226.000000000000	   4708.000000000000	   2039.000000000000	    702.394000000000	    701.614800000000	   5774.000000000000	      0.000000000000	      1.664132097543	      0.211823989922	      0.091739404301	      0.259785836408
701.816200	   33	  37005.000000000000	  22238.000000000000	   4748.000000000000	   2071.000000000000	    702.609000000000	    701.816200000000	   5799.000000000000	      0.000000000000	      1.664043529094	      0.213508409030	      0.093128878496	      0.260769853404
702.003400	   34	  37018.000000000000	  22231.000000000000	   4743.000000000000	   1887.000000000000	    702.839000000000	    702.003400000000	   5806.000000000000	      0.000000000000	      1.665152264855	      0.213350726463	      0.084881471819	      0.261166839099
702.217400	   35	  37047.000000000000	  22236.000000000000	   4753.000000000000	   1805.000000000000	    703.074000000000	    702.217400000000	   5829.000000000000	      0.000000000000	      1.666082029142	      0.213752473466	      0.081174671704	      0.262142471668
702.417200	   36	  37084.000000000000	  22238.000000000000	   4748.000000000000	   1957.000000000000	    703.267000000000	    702.417200000000	   5843.000000000000	      0.000000000000	      1.667596006835	      0.213508409030	      0.088002518212	      0.262748448601
702.642700	   37	  37122.000000000000	  22256.000000000000	   4784.000000000000	   2096.000000000000	    703.511000000000	    702.642700000000	   5892.000000000000	      0.000000000000	      1.667954708843	      0.214953271028	      0.094176851186	      0.264737598850
702.840600	   38	  37175.000000000000	  22256.000000000000	   4793.000000000000	   1970.000000000000	    703.731000000000	    702.840600000000	   5934.000000000000	      0.000000000000	      1.670336089145	      0.215357656362	      0.088515456506	      0.266624730410
703.093700	   39	  37211.000000000000	  22254.000000000000	   4800.000000000000	   1802.000000000000	    703.946000000000	    703.093700000000	   5983.000000000000	      0.000000000000	      1.672103891435	      0.215691561068	      0.080974206884	      0.268850543722
703.313600	   40	  37245.000000000000	  22262.000000000000	   4833.000000000000	   1866.000000000000	    704.196000000000	    703.313600000000	   6034.000000000000	      0.000000000000	      1.673030275806	      0.217096397449	      0.083819962268	      0.271044829755
703.558200	   41	  37323.000000000000	  22267.000000000000	   4833.000000000000	   2077.000000000000	    704.415000000000	    703.558200000000	   6087.000000000000	      0.000000000000	      1.676157542552	      0.217047648987	      0.093277046751	      0.273364171195
703.779900	   42	  37408.000000000000	  22266.000000000000	   4847.000000000000	   2060.000000000000	    704.624000000000	    703.779900000000	   6186.000000000000	      0.000000000000	      1.680050300907	      0.217686158268	      0.092517740052	      0.277822689302
704.023900	   43	  37442.000000000000	  22254.000000000000	   4850.000000000000	   1835.000000000000	    704.872000000000	    704.023900000000	   6284.000000000000	      0.000000000000	      1.682484047812	      0.217938348162	      0.082457086366	      0.282376202031
704.252500	   44	  37580.000000000000	  22270.000000000000	   4907.000000000000	   1829.000000000000	    705.082000000000	    704.252500000000	   6417.000000000000	      0.000000000000	      1.687471935339	      0.220341266278	      0.082128423889	      0.288145487203
704.496300	   45	  37750.000000000000	  22280.000000000000	   4944.000000000000	   2019.000000000000	    705.307000000000	    704.496300000000	   6588.000000000000	      0.000000000000	      1.694344703770	      0.221903052065	      0.090619389587	      0.295691202873
704.711800	   46	  37895.000000000000	  22280.000000000000	   4982.000000000000	   2103.000000000000	    705.531000000000	    704.711800000000	   6781.000000000000	      0.000000000000	      1.700852782765	      0.223608617594	      0.094389587074	      0.304353680431
704.940400	   47	  38111.000000000000	  22279.000000000000	   5046.000000000000	   1905.000000000000	    705.754000000000	    704.940400000000	   7051.000000000000	      0.000000000000	      1.710624354774	      0.226491314691	      0.085506530814	      0.316486377306
705.145800	   48	  38487.000000000000	  22288.000000000000	   5121.000000000000	   1798.000000000000	    705.984000000000	    705.145800000000	   7417.000000000000	      0.000000000000	      1.726803661163	      0.229764895908	      0.080671213209	      0.332779971285
705.375700	   49	  39209.000000000000	  22288.000000000000	   5251.000000000000	   1916.000000000000	    706.206000000000	    705.375700000000	   7956.000000000000	      0.000000000000	      1.759197774587	      0.235597631012	      0.085965541996	      0.356963388370
705.571600	   50	  40511.000000000000	  22294.000000000000	   5447.000000000000	   2103.000000000000	    706.435000000000	    705.571600000000	   8782.000000000000	      0.000000000000	      1.817125684041	      0.244325827577	      0.094330313089	      0.393917646003
705.773200	   51	  42392.000000000000	  22283.000000000000	   5812.000000000000	   1999.000000000000	    706.657000000000	    705.773200000000	  10038.000000000000	      0.000000000000	      1.902436835256	      0.260826639142	      0.089709644123	      0.450477942826
705.957900	   52	  46344.000000000000	  22279.000000000000	   6592.000000000000	   1815.000000000000	    706.885000000000	    705.957900000000	  12200.000000000000	      0.000000000000	      2.080165177970	      0.295884016338	      0.081466852193	      0.547600879752
706.162400	   53	  53035.000000000000	  22283.000000000000	   7693.000000000000	   1860.000000000000	    707.106000000000	    706.162400000000	  14688.000000000000	      0.000000000000	      2.380065520801	      0.345240766504	      0.083471704887	      0.659157205044
706.343600	   54	  59545.000000000000	  22283.000000000000	   8603.000000000000	   2051.000000000000	    707.324000000000	    706.343600000000	  16578.000000000000	      0.000000000000	      2.672216487906	      0.386079073733	      0.092043261679	      0.743975227752
706.546700	   55	  65466.000000000000	  22281.000000000000	   9242.000000000000	   2083.000000000000	    707.554000000000	    706.546700000000	  17708.000000000000	      0.000000000000	      2.938198465060	      0.414792872851	      0.093487724967	      0.794757865446
706.726100	   56	  71181.000000000000	  22277.000000000000	   9748.000000000000	   1877.000000000000	    707.785000000000	    706.726100000000	  18286.000000000000	      0.000000000000	      3.195268662746	      0.437581361943	      0.084257305741	      0.820846613099
706.925800	   57	  76720.000000000000	  22269.000000000000	  10068.000000000000	   1808.000000000000	    708.001000000000	    706.925800000000	  18401.000000000000	      0.000000000000	      3.445147963537	      0.452108312003	      0.081189096951	      0.826305626656
707.132400	   58	  81787.000000000000	  22264.000000000000	  10294.000000000000	   1988.000000000000	    708.219000000000	    707.132400000000	  18150.000000000000	      0.000000000000	      3.673508803450	      0.462360761768	      0.089292130794	      0.815217391304
707.331800	   59	  85064.000000000000	  22272.000000000000	  10346.000000000000	   2107.000000000000	    708.448000000000	    707.331800000000	  17605.000000000000	      0.000000000000	      3.819324712644	      0.464529454023	      0.094603089080	      0.790454382184
707.535000	   60	  87317.000000000000	  22273.000000000000	  10303.000000000000	   1949.000000000000	    708.674000000000	    707.535000000000	  16841.000000000000	      0.000000000000	      3.920307098280	      0.462578009249	      0.087505050959	      0.756117272033
707.737800	   61	  89255.000000000000	  22273.000000000000	  10249.000000000000	   1809.000000000000	    708.908000000000	    707.737800000000	  16134.000000000000	      0.000000000000	      4.007318277735	      0.460153549140	      0.081219413640	      0.724374803574
707.958900	   62	  87856.000000000000	  22288.000000000000	  10217.000000000000	   1891.000000000000	    709.114000000000	    707.958900000000	  15580.000000000000	      0.000000000000	      3.941852117732	      0.458408111989	      0.084843862168	      0.699030868629
708.182300	   63	  84433.000000000000	  22294.000000000000	  10188.000000000000	   2069.000000000000	    709.344000000000	    708.182300000000	  15506.000000000000	      0.000000000000	      3.787252175473	      0.456983941868	      0.092805239078	      0.695523459227
708.389100	   64	  84001.000000000000	  22303.000000000000	  10217.000000000000	   2040.000000000000	    709.573000000000	    708.389100000000	  15579.000000000000	      0.000000000000	      3.766354302112	      0.458099807201	      0.091467515581	      0.698515894723
708.632100	   65	  86555.000000000000	  22309.000000000000	  10253.000000000000	   1892.000000000000	    709.791000000000	    708.632100000000	  15677.000000000000	      0.000000000000	      3.879824286163	      0.459590299879	      0.084808821552	      0.702720874983
708.851800	   66	  91139.000000000000	  22323.000000000000	  10267.000000000000	   1835.000000000000	    710.017000000000	    708.851800000000	  15738.000000000000	      0.000000000000	      4.082739775120	      0.459929220983	      0.082202212964	      0.705012767101
709.078900	   67	  94935.000000000000	  22337.000000000000	  10287.000000000000	   1988.000000000000	    710.255000000000	    709.078900000000	  15580.000000000000	      0.000000000000	      4.250123114116	      0.460536329856	      0.089000313381	      0.697497425796
709.277800	   68	  95918.000000000000	  22316.000000000000	  10167.000000000000	   2092.000000000000	    710.471000000000	    709.277800000000	  15268.000000000000	      0.000000000000	      4.298171715361	      0.455592400072	      0.093744398638	      0.684172790823
709.502600	   69	  93900.000000000000	  22307.000000000000	   9974.000000000000	   1925.000000000000	    710.703000000000	    709.502600000000	  14697.000000000000	      0.000000000000	      4.209440982651	      0.447124221097	      0.086295781593	      0.658851481598
709.699100	   70	  88852.000000000000	  22310.000000000000	   9726.000000000000	   1810.000000000000	    710.912000000000	    709.699100000000	  14003.000000000000	      0.000000000000	      3.982608695652	      0.435948005379	      0.081129538324	      0.627655759749
709.905800	   71	  82625.000000000000	  22304.000000000000	   9479.000000000000	   1932.000000000000	    711.134000000000	    709.905800000000	  13427.000000000000	      0.000000000000	      3.704492467719	      0.424991032999	      0.086621233859	      0.601999641320
710.096800	   72	  76939.000000000000	  22276.000000000000	   9199.000000000000	   2083.000000000000	    711.362000000000	    710.096800000000	  12833.000000000000	      0.000000000000	      3.453896570300	      0.412955647333	      0.093508708924	      0.576090860119
710.307400	   73	  72558.000000000000	  22275.000000000000	   9015.000000000000	   2023.000000000000	    711.590000000000	    710.307400000000	  12311.000000000000	      0.000000000000	      3.257373737374	      0.404713804714	      0.090819304153	      0.552682379349
710.492300	   74	  69220.000000000000	  22271.000000000000	   8816.000000000000	   1855.000000000000	    711.810000000000	    710.492300000000	  11947.000000000000	      0.000000000000	      3.108077769296	      0.395851106821	      0.083292173679	      0.536437519644
710.690500	   75	  66483.000000000000	  22262.000000000000	   8722.000000000000	   1822.000000000000	    712.044000000000	    710.690500000000	  11579.000000000000	      0.000000000000	      2.986389363040	      0.391788698230	      0.081843500135	      0.520123978079
710.868200	   76	  64227.000000000000	  22252.000000000000	   8601.000000000000	   2028.000000000000	    712.264000000000	    710.868200000000	  11368.000000000000	      0.000000000000	      2.886347294625	      0.386527053748	      0.091137875247	      0.510875426928
711.065000	   77	  62395.000000000000	  22252.000000000000	   8515.000000000000	   2101.000000000000	    712.494000000000	    711.065000000000	  11202.000000000000	      0.000000000000	      2.804017616394	      0.382662232608	      0.094418479238	      0.503415423333
711.232500	   78	  60935.000000000000	  22237.000000000000	   8442.000000000000	   1897.000000000000	    712.720000000000	    711.232500000000	  10979.000000000000	      0.000000000000	      2.740252731933	      0.379637541035	      0.085308270000	      0.493726671763
711.414700	   79	  59691.000000000000	  22223.000000000000	   8340.000000000000	   1811.000000000000	    712.930000000000	    711.414700000000	  10858.000000000000	      0.000000000000	      2.686000989965	      0.375286864960	      0.081492147775	      0.488592899249
711.569700	   80	  58614.000000000000	  22211.000000000000	   8258.000000000000	   1929.000000000000	    713.152000000000	    711.569700000000	  10703.000000000000	      0.000000000000	      2.638962676151	      0.371797757868	      0.086848858674	      0.481878348566
711.747900	   81	  57573.000000000000	  22180.000000000000	   8183.000000000000	   2102.000000000000	    713.394000000000	    711.747900000000	  10561.000000000000	      0.000000000000	      2.595716862038	      0.368935978359	      0.094770063120	      0.476149684400
711.922500	   82	  56706.000000000000	  22173.000000000000	   8111.000000000000	   1984.000000000000	    713.600000000000	    711.922500000000	  10398.000000000000	      0.000000000000	      2.557434717900	      0.365805258648	      0.089478194200	      0.468948721418
712.103000	   83	  55911.000000000000	  22160.000000000000	   8015.000000000000	   1794.000000000000	    713.826000000000	    712.103000000000	  10302.000000000000	      0.000000000000	      2.523059566787	      0.361687725632	      0.080956678700	      0.464891696751
712.269300	   84	  55183.000000000000	  22149.000000000000	   7957.000000000000	   1863.000000000000	    714.030000000000	    712.269300000000	  10145.000000000000	      0.000000000000	      2.491444308998	      0.359248724547	      0.084112149533	      0.458034222764
712.457900	   85	  54517.000000000000	  22139.000000000000	   7887.000000000000	   2067.000000000000	    714.266000000000	    712.457900000000	  10018.000000000000	      0.000000000000	      2.462487013867	      0.356249153078	      0.093364650617	      0.452504629839
712.658200	   86	  53883.000000000000	  22133.000000000000	   7815.000000000000	   2062.000000000000	    714.492000000000	    712.658200000000	   9917.000000000000	      0.000000000000	      2.434509555867	      0.353092667058	      0.093164053676	      0.448063976867
712.842800	   87	  53273.000000000000	  22125.000000000000	   7757.000000000000	   1850.000000000000	    714.727000000000	    712.842800000000	   9755.000000000000	      0.000000000000	      2.407819209040	      0.350598870056	      0.083615819209	      0.440903954802
713.039600	   88	  52696.000000000000	  22115.000000000000	   7738.000000000000	   1806.000000000000	    714.922000000000	    713.039600000000	   9651.000000000000	      0.000000000000	      2.382817092471	      0.349898259100	      0.081664028940	      0.436400633054
713.238700	   89	  52169.000000000000	  22107.000000000000	   7681.000000000000	   2003.000000000000	    715.179000000000	    713.238700000000	   9557.000000000000	      0.000000000000	      2.359840774415	      0.347446510155	      0.090604785814	      0.432306509250
713.443200	   90	  51632.000000000000	  22097.000000000000	   7645.000000000000	   2102.000000000000	    715.387000000000	    713.443200000000	   9484.000000000000	      0.000000000000	      2.336606779201	      0.345974566683	      0.095126035208	      0.429198533738
713.655200	   91	  51124.000000000000	  22082.000000000000	   7591.000000000000	   1935.000000000000	    715.605000000000	    713.655200000000	   9401.000000000000	      0.000000000000	      2.315188841590	      0.343764151798	      0.087627932253	      0.425731364913
713.873700	   92	  50694.000000000000	  22088.000000000000	   7592.000000000000	   1800.000000000000	    715.831000000000	    713.873700000000	   9306.000000000000	      0.000000000000	      2.295092357841	      0.343716044911	      0.081492212966	      0.421314741036
714.076400	   93	  50246.000000000000	  22067.000000000000	   7509.000000000000	   1915.000000000000	    716.072000000000	    714.076400000000	   9246.000000000000	      0.000000000000	      2.276974668056	      0.340281868854	      0.086781166448	      0.418996691893
714.310100	   94	  49833.000000000000	  22057.000000000000	   7505.000000000000	   2100.000000000000	    716.314000000000	    714.310100000000	   9159.000000000000	      0.000000000000	      2.259282767375	      0.340254794396	      0.095207870517	      0.415242326699
714.520500	   95	  49467.000000000000	  22045.000000000000	   7443.000000000000	   1996.000000000000	    716.522000000000	    714.520500000000	   9071.000000000000	      0.000000000000	      2.243910183715	      0.337627579950	      0.090542073032	      0.411476525289
714.762400	   96	  49102.000000000000	  22036.000000000000	   7400.000000000000	   1826.000000000000	    716.716000000000	    714.762400000000	   9017.000000000000	      0.000000000000	      2.228262842621	      0.335814122345	      0.082864403703	      0.409194046106
714.959800	   97	  48785.000000000000	  22027.000000000000	   7361.000000000000	   1829.000000000000	    716.964000000000	    714.959800000000	   8913.000000000000	      0.000000000000	      2.214781858628	      0.334180778136	      0.083034457711	      0.404639760294
715.184400	   98	  48498.000000000000	  22016.000000000000	   7343.000000000000	   2047.000000000000	    717.168000000000	    715.184400000000	   8831.000000000000	      0.000000000000	      2.202852470930	      0.333530159884	      0.092977834302	      0.401117369186
715.387900	   99	  48252.000000000000	  22016.000000000000	   7306.000000000000	   2069.000000000000	    717.417000000000	    715.387900000000	   8766.000000000000	      0.000000000000	      2.191678779070	      0.331849563953	      0.093977107558	      0.398164970930
715.608500	  100	  47995.000000000000	  22006.000000000000	   7243.000000000000	   1878.000000000000	    717.660000000000	    715.608500000000	   8658.000000000000	      0.000000000000	      2.180996091975	      0.329137507952	      0.085340361720	      0.393438153231
715.795200	  101	  47804.000000000000	  22002.000000000000	   7238.000000000000	   1793.000000000000	    717.860000000000	    715.795200000000	   8616.000000000000	      0.000000000000	      2.172711571675	      0.328970093628	      0.081492591583	      0.391600763567
716.007000	  102	  47566.000000000000	  21994.000000000000	   7211.000000000000	   1961.000000000000	    718.106000000000	    716.007000000000	   8512.000000000000	      0.000000000000	      2.162680731108	      0.327862144221	      0.089160680186	      0.387014640356
716.189000	  103	  47346.000000000000	  21987.000000000000	   7205.000000000000	   2110.000000000000	    718.316000000000	    716.189000000000	   8429.000000000000	      0.000000000000	      2.153363351071	      0.327693637149	      0.095965797972	      0.383362896257
716.391000	  104	  47124.000000000000	  21973.000000000000	   7199.000000000000	   1951.000000000000	    718.549000000000	    716.391000000000	   8372.000000000000	      0.000000000000	      2.144632048423	      0.327629363310	      0.088790788695	      0.381013061485
716.575300	  105	  46960.000000000000	  21981.000000000000	   7190.000000000000	   1788.000000000000	    718.739000000000	    716.575300000000	   8311.000000000000	      0.000000000000	      2.136390519085	      0.327100677858	      0.081342978026	      0.378099267549
716.763000	  106	  46820.000000000000	  21981.000000000000	   7184.000000000000	   1890.000000000000	    719.000000000000	    716.763000000000	   8292.000000000000	      0.000000000000	      2.130021382103	      0.326827714845	      0.085983349256	      0.377234884673
716.938500	  107	  46663.000000000000	  21975.000000000000	   7191.000000000000	   2064.000000000000	    719.204000000000	    716.938500000000	   8246.000000000000	      0.000000000000	      2.123458475540	      0.327235494881	      0.093924914676	      0.375244596132
717.134900	  108	  46538.000000000000	  21975.000000000000	   7184.000000000000	   2039.000000000000	    719.449000000000	    717.134900000000	   8180.000000000000	      0.000000000000	      2.117770193402	      0.326916951081	      0.092787258248	      0.372241183163
717.307900	  109	  46438.000000000000	  21961.000000000000	   7226.000000000000	   1844.000000000000	    719.641000000000	    717.307900000000	   8162.000000000000	      0.000000000000	      2.114566731934	      0.329037839807	      0.083967032467	      0.371658849779
717.505600	  110	  46428.000000000000	  21962.000000000000	   7248.000000000000	   1828.000000000000	    719.891000000000	    717.505600000000	   8150.000000000000	      0.000000000000	      2.114015117020	      0.330024587925	      0.083234678080	      0.371095528640
717.683100	  111	  46516.000000000000	  21959.000000000000	   7328.000000000000	   2007.000000000000	    720.100000000000	    717.683100000000	   8199.000000000000	      0.000000000000	      2.118311398515	      0.333712828453	      0.091397604627	      0.373377658363
717.883700	  112	  46743.000000000000	  21964.000000000000	   7436.000000000000	   2090.000000000000	    720.336000000000	    717.883700000000	   8249.000000000000	      0.000000000000	      2.128164268803	      0.338553997450	      0.095155709343	      0.375569113094
718.075200	  113	  47163.000000000000	  21965.000000000000	   7591.000000000000	   1906.000000000000	    720.541000000000	    718.075200000000	   8417.000000000000	      0.000000000000	      2.147188709310	      0.345595265195	      0.086774413840	      0.383200546324
718.285700	  114	  47974.000000000000	  21973.000000000000	   7807.000000000000	   1800.000000000000	    720.785000000000	    718.285700000000	   8764.000000000000	      0.000000000000	      2.183315887680	      0.355299685978	      0.081918718427	      0.398853137942
718.484000	  115	  49396.000000000000	  21976.000000000000	   8200.000000000000	   1913.000000000000	    720.994000000000	    718.484000000000	   9406.000000000000	      0.000000000000	      2.247724790681	      0.373134328358	      0.087049508555	      0.428012377139
718.710300	  116	  51691.000000000000	  21976.000000000000	   8696.000000000000	   2080.000000000000	    721.245000000000	    718.710300000000	  10322.000000000000	      0.000000000000	      2.352156898435	      0.395704404805	      0.094648707681	      0.469694211867
718.917400	  117	  54769.000000000000	  21984.000000000000	   9343.000000000000	   1998.000000000000	    721.429000000000	    718.917400000000	  11623.000000000000	      0.000000000000	      2.491311863173	      0.424990902475	      0.090884279476	      0.528702692868
719.161800	  118	  57856.000000000000	  22004.000000000000	   9920.000000000000	   1819.000000000000	    721.696000000000	    719.161800000000	  13027.000000000000	      0.000000000000	      2.629340119978	      0.450827122341	      0.082666787857	      0.592028722051
719.404100	  119	  60321.000000000000	  22011.000000000000	  10412.000000000000	   1841.000000000000	    721.921000000000	    719.404100000000	  14317.000000000000	      0.000000000000	      2.740493389669	      0.473036209168	      0.083639998183	      0.650447503521
719.631600	  120	  62088.000000000000	  22008.000000000000	  10711.000000000000	   2043.000000000000	    722.139000000000	    719.631600000000	  15367.000000000000	      0.000000000000	      2.821155943293	      0.486686659397	      0.092829880044	      0.698246092330
719.861900	  121	  63414.000000000000	  22021.000000000000	  10876.000000000000	   2059.000000000000	    722.335000000000	    719.861900000000	  16187.000000000000	      0.000000000000	      2.879705735434	      0.493892193815	      0.093501657509	      0.735071068525
720.092300	  122	  64489.000000000000	  22031.000000000000	  10948.000000000000	   1872.000000000000	    722.562000000000	    720.092300000000	  16706.000000000000	      0.000000000000	      2.927193500068	      0.496936135446	      0.084971176978	      0.758295129590
720.318000	  123	  65384.000000000000	  22043.000000000000	  10927.000000000000	   1835.000000000000	    722.801000000000	    720.318000000000	  17032.000000000000	      0.000000000000	      2.966202422538	      0.495712924738	      0.083246382071	      0.772671596425
720.560600	  124	  65952.000000000000	  22057.000000000000	  10892.000000000000	   1991.000000000000	    723.026000000000	    720.560600000000	  17188.000000000000	      0.000000000000	      2.990071179217	      0.493811488416	      0.090266128667	      0.779253751643
720.773700	  125	  66386.000000000000	  22068.000000000000	  10773.000000000000	   2075.000000000000	    723.224000000000	    720.773700000000	  17192.000000000000	      0.000000000000	      3.008247235817	      0.488172920065	      0.094027551205	      0.779046583288
720.985800	  126	  66387.000000000000	  22075.000000000000	  10716.000000000000	   1948.000000000000	    723.463000000000	    720.985800000000	  17230.000000000000	      0.000000000000	      3.007338618347	      0.485436013590	      0.088244620612	      0.780520951302
721.224000	  127	  65842.000000000000	  22088.000000000000	  10616.000000000000	   1829.000000000000	    723.681000000000	    721.224000000000	  17127.000000000000	      0.000000000000	      2.980894603405	      0.480622962695	      0.082805143064	      0.775398406375
721.421100	  128	  64870.000000000000	  22113.000000000000	  10495.000000000000	   1904.000000000000	    723.914000000000	    721.421100000000	  17154.000000000000	      0.000000000000	      2.933568489124	      0.474607696830	      0.086103197214	      0.775742775743
721.637400	  129	  63803.000000000000	  22122.000000000000	  10394.000000000000	   2069.000000000000	    724.180000000000	    721.637400000000	  17098.000000000000	      0.000000000000	      2.884142482597	      0.469849019076	      0.093526805895	      0.772895759877
721.840200	  130	  62857.000000000000	  22123.000000000000	  10230.000000000000	   2024.000000000000	    724.390000000000	    721.840200000000	  17017.000000000000	      0.000000000000	      2.841251186548	      0.462414681553	      0.091488496135	      0.769199475659
722.055600	  131	  62138.000000000000	  22140.000000000000	  10095.000000000000	   1869.000000000000	    724.621000000000	    722.055600000000	  16893.000000000000	      0.000000000000	      2.806594399277	      0.455962059621	      0.084417344173	      0.763008130081
722.253200	  132	  61610.000000000000	  22166.000000000000	   9915.000000000000	   1850.000000000000	    724.844000000000	    722.253200000000	  16719.000000000000	      0.000000000000	      2.779482089687	      0.447306685915	      0.083461156727	      0.754263286114
722.476000	  133	  61091.000000000000	  22184.000000000000	   9703.000000000000	   2006.000000000000	    725.069000000000	    722.476000000000	  16341.000000000000	      0.000000000000	      2.753831590335	      0.437387306167	      0.090425531915	      0.736611972593
722.655300	  134	  60479.000000000000	  22199.000000000000	   9533.000000000000	   2075.000000000000	    725.294000000000	    722.655300000000	  16000.000000000000	      0.000000000000	      2.724402000090	      0.429433758277	      0.093472678950	      0.720753187080
722.864700	  135	  59706.000000000000	  22212.000000000000	   9372.000000000000	   1929.000000000000	    725.484000000000	    722.864700000000	  15585.000000000000	      0.000000000000	      2.688006482982	      0.421934089681	      0.086844948676	      0.701647757969
723.062800	  136	  58716.000000000000	  22231.000000000000	   9219.000000000000	   1819.000000000000	    725.746000000000	    723.062800000000	  15217.000000000000	      0.000000000000	      2.641176735190	      0.414691196977	      0.081822680041	      0.684494624623
723.283900	  137	  57662.000000000000	  22248.000000000000	   9068.000000000000	   1943.000000000000	    725.960000000000	    723.283900000000	  14815.000000000000	      0.000000000000	      2.591783531104	      0.407587198849	      0.087333692916	      0.665902553038
723.481100	  138	  56695.000000000000	  22273.000000000000	   8948.000000000000	   2097.000000000000	    726.177000000000	    723.481100000000	  14565.000000000000	      0.000000000000	      2.545458627037	      0.401742019485	      0.094149867553	      0.653930768195
723.706700	  139	  55816.000000000000	  22285.000000000000	   8841.000000000000	   2000.000000000000	    726.400000000000	    723.706700000000	  14322.000000000000	      0.000000000000	      2.504644379628	      0.396724253982	      0.089746466233	      0.642674444694
723.908500	  140	  55012.000000000000	  22294.000000000000	   8786.000000000000	   1818.000000000000	    726.635000000000	    723.908500000000	  14090.000000000000	      0.000000000000	      2.467569749708	      0.394097066475	      0.081546604468	      0.632008612183
724.152500	  141	  54268.000000000000	  22308.000000000000	   8696.000000000000	   1868.000000000000	    726.854000000000	    724.152500000000	  13912.000000000000	      0.000000000000	      2.432669894208	      0.389815312892	      0.083736776044	      0.623632777479
724.381300	  142	  53622.000000000000	  22333.000000000000	   8658.000000000000	   2063.000000000000	    727.079000000000	    724.381300000000	  13758.000000000000	      0.000000000000	      2.401020910760	      0.387677428021	      0.092374513052	      0.616039045359
724.639800	  143	  53105.000000000000	  22364.000000000000	   8602.000000000000	   2061.000000000000	    727.300000000000	    724.639800000000	  13655.000000000000	      0.000000000000	      2.374575210159	      0.384636022179	      0.092157038097	      0.610579502772
724.874400	  144	  52628.000000000000	  22371.000000000000	   8535.000000000000	   1869.000000000000	    727.519000000000	    724.874400000000	  13526.000000000000	      0.000000000000	      2.352509945912	      0.381520718788	      0.083545661794	      0.604622055340
725.147500	  145	  52246.000000000000	  22398.000000000000	   8509.000000000000	   1837.000000000000	    727.748000000000	    725.147500000000	  13421.000000000000	      0.000000000000	      2.332618983838	      0.379899991071	      0.082016251451	      0.599205286186
725.393900	  146	  51927.000000000000	  22423.000000000000	   8435.000000000000	   1990.000000000000	    727.971000000000	    725.393900000000	  13321.000000000000	      0.000000000000	      2.315791820898	      0.376176247603	      0.088748160371	      0.594077509700
725.667900	  147	  51651.000000000000	  22448.000000000000	   8445.000000000000	   2085.000000000000	    728.200000000000	    725.667900000000	  13288.000000000000	      0.000000000000	      2.300917676408	      0.376202779758	      0.092881325731	      0.591945830364
725.918500	  148	  51409.000000000000	  22469.000000000000	   8375.000000000000	   1952.000000000000	    728.419000000000	    725.918500000000	  13195.000000000000	      0.000000000000	      2.287996795585	      0.372735769282	      0.086875250345	      0.587253549335
726.179800	  149	  51205.000000000000	  22494.000000000000	   8362.000000000000	   1835.000000000000	    728.622000000000	    726.179800000000	  13124.000000000000	      0.000000000000	      2.276384813728	      0.371743576065	      0.081577309505	      0.583444474082
726.416500	  150	  51028.000000000000	  22510.000000000000	   8336.000000000000	   1901.000000000000	    728.851000000000	    726.416500000000	  13074.000000000000	      0.000000000000	      2.266903598401	      0.370324300311	      0.084451354953	      0.580808529542
726.659900	  151	  50888.000000000000	  22526.000000000000	   8300.000000000000	   2089.000000000000	    729.081000000000	    726.659900000000	  12997.000000000000	      0.000000000000	      2.259078398295	      0.368463109296	      0.092737281364	      0.576977714641
726.890900	  152	  50813.000000000000	  22553.000000000000	   8265.000000000000	   2048.000000000000	    729.322000000000	    726.890900000000	  12997.000000000000	      0.000000000000	      2.253048374939	      0.366470092671	      0.090808318184	      0.576286968474
727.129700	  153	  50751.000000000000	  22589.000000000000	   8269.000000000000	   1837.000000000000	    729.523000000000	    727.129700000000	  12959.000000000000	      0.000000000000	      2.246713001904	      0.366063128071	      0.081322767719	      0.573686307495
727.356600	  154	  50658.000000000000	  22607.000000000000	   8234.000000000000	   1841.000000000000	    729.744000000000	    727.356600000000	  12985.000000000000	      0.000000000000	      2.240810368470	      0.364223470606	      0.081434953775	      0.574379616933
727.580800	  155	  50619.000000000000	  22636.000000000000	   8240.000000000000	   2043.000000000000	    729.969000000000	    727.580800000000	  12932.000000000000	      0.000000000000	      2.236216646051	      0.364021911999	      0.090254461919	      0.571302350239
727.802400	  156	  50596.000000000000	  22676.000000000000	   8230.000000000000	   2093.000000000000	    730.198000000000	    727.802400000000	  12948.000000000000	      0.000000000000	      2.231257717410	      0.362938789910	      0.092300229317	      0.571000176398
728.021400	  157	  50564.000000000000	  22693.000000000000	   8202.000000000000	   1915.000000000000	    730.426000000000	    728.021400000000	  12925.000000000000	      0.000000000000	      2.228176089543	      0.361433041026	      0.084387255982	      0.569558894813
728.245500	  158	  50568.000000000000	  22737.000000000000	   8207.000000000000	   1827.000000000000	    730.635000000000	    728.245500000000	  12913.000000000000	      0.000000000000	      2.224040110833	      0.360953511897	      0.080353608655	      0.567928926419
728.481900	  159	  50552.000000000000	  22761.000000000000	   8171.000000000000	   1935.000000000000	    730.858000000000	    728.481900000000	  12947.000000000000	      0.000000000000	      2.220992047801	      0.358991256975	      0.085013839462	      0.568823865384
728.705200	  160	  50570.000000000000	  22799.000000000000	   8191.000000000000	   2106.000000000000	    731.088000000000	    728.705200000000	  12904.000000000000	      0.000000000000	      2.218079740339	      0.359270143427	      0.092372472477	      0.565989736392
728.952900	  161	  50618.000000000000	  22837.000000000000	   8156.000000000000	   1998.000000000000	    731.319000000000	    728.952900000000	  12921.000000000000	      0.000000000000	      2.216490782502	      0.357139729387	      0.087489600210	      0.565792354512
729.180900	  162	  50642.000000000000	  22875.000000000000	   8160.000000000000	   1828.000000000000	    731.544000000000	    729.180900000000	  12895.000000000000	      0.000000000000	      2.213857923497	      0.356721311475	      0.079912568306	      0.563715846995
729.447900	  163	  50698.000000000000	  22919.000000000000	   8167.000000000000	   1874.000000000000	    731.757000000000	    729.447900000000	  12945.000000000000	      0.000000000000	      2.212051136612	      0.356341899734	      0.081766220167	      0.564815218814
729.691700	  164	  50772.000000000000	  22964.000000000000	   8183.000000000000	   2080.000000000000	    731.969000000000	    729.691700000000	  12950.000000000000	      0.000000000000	      2.210938860826	      0.356340358823	      0.090576554607	      0.563926145271
729.966200	  165	  50814.000000000000	  22999.000000000000	   8153.000000000000	   2078.000000000000	    732.192000000000	    729.966200000000	  12974.000000000000	      0.000000000000	      2.209400408713	      0.354493673638	      0.090351754424	      0.564111483108
730.218700	  166	  50846.000000000000	  23027.000000000000	   8162.000000000000	   1866.000000000000	    732.426000000000	    730.218700000000	  13000.000000000000	      0.000000000000	      2.208103530638	      0.354453467668	      0.081035306379	      0.564554653233
730.518000	  167	  50951.000000000000	  23092.000000000000	   8166.000000000000	   1830.000000000000	    732.649000000000	    730.518000000000	  13076.000000000000	      0.000000000000	      2.206435129049	      0.353628962411	      0.079248224493	      0.566256712281
730.784800	  168	  51008.000000000000	  23136.000000000000	   8138.000000000000	   1990.000000000000	    732.868000000000	    730.784800000000	  13084.000000000000	      0.000000000000	      2.204702627939	      0.351746196404	      0.086013139696	      0.565525587828
731.072900	  169	  51012.000000000000	  23167.000000000000	   8163.000000000000	   2113.000000000000	    733.092000000000	    731.072900000000	  13091.000000000000	      0.000000000000	      2.201925152156	      0.352354642379	      0.091207320758	      0.565071006173
731.325600	  170	  51097.000000000000	  23217.000000000000	   8149.000000000000	   1957.000000000000	    733.317000000000	    731.325600000000	  13150.000000000000	      0.000000000000	      2.200844208985	      0.350992806995	      0.084291682819	      0.566395313779
731.601900	  171	  51179.000000000000	  23258.000000000000	   8142.000000000000	   1807.000000000000	    733.533000000000	    731.601900000000	  13217.000000000000	      0.000000000000	      2.200490153926	      0.350073093129	      0.077693696793	      0.568277581907
731.857200	  172	  51239.000000000000	  23295.000000000000	   8183.000000000000	   1897.000000000000	    733.750000000000	    731.857200000000	  13279.000000000000	      0.000000000000	      2.199570723331	      0.351277098090	      0.081433784074	      0.570036488517
732.125000	  173	  51277.000000000000	  23323.000000000000	   8177.000000000000	   2104.000000000000	    733.984000000000	    732.125000000000	  13282.000000000000	      0.000000000000	      2.198559362003	      0.350598122025	      0.090211379325	      0.569480770055
732.360600	  174	  51355.000000000000	  23355.000000000000	   8150.000000000000	   2033.000000000000	    734.203000000000	    732.360600000000	  13334.000000000000	      0.000000000000	      2.198886748020	      0.348961678441	      0.087047741383	      0.570926996361
732.623100	  175	  51468.000000000000	  23402.000000000000	   8156.000000000000	   1835.000000000000	    734.425000000000	    732.623100000000	  13363.000000000000	      0.000000000000	      2.199299205196	      0.348517220750	      0.078412101530	      0.571019570977
732.857300	  176	  51568.000000000000	  23437.000000000000	   8177.000000000000	   1838.000000000000	    734.648000000000	    732.857300000000	  13433.000000000000	      0.000000000000	      2.200281606008	      0.348892776379	      0.078423006357	      0.573153560609
733.119100	  177	  51673.000000000000	  23475.000000000000	   8198.000000000000	   2028.000000000000	    734.876000000000	    733.119100000000	  13471.000000000000	      0.000000000000	      2.201192758253	      0.349222577210	      0.086389776358	      0.573844515442
733.343600	  178	  51797.000000000000	  23512.000000000000	   8175.000000000000	   2102.000000000000	    735.087000000000	    733.343600000000	  13517.000000000000	      0.000000000000	      2.203002722014	      0.347694794148	      0.089401156856	      0.574897924464
733.590000	  179	  51888.000000000000	  23546.000000000000	   8206.000000000000	   1898.000000000000	    735.301000000000	    733.590000000000	  13591.000000000000	      0.000000000000	      2.203686401087	      0.348509300943	      0.080608171239	      0.577210566551
733.813600	  180	  51999.000000000000	  23582.000000000000	   8194.000000000000	   1810.000000000000	    735.533000000000	    733.813600000000	  13694.000000000000	      0.000000000000	      2.205029259605	      0.347468408108	      0.076753456026	      0.580697141888
734.053600	  181	  52097.000000000000	  23614.000000000000	   8216.000000000000	   1936.000000000000	    735.767000000000	    734.053600000000	  13745.000000000000	      0.000000000000	      2.206191242483	      0.347929194546	      0.081985262980	      0.582069958499
734.279200	  182	  52209.000000000000	  23646.000000000000	   8212.000000000000	   2115.000000000000	    735.980000000000	    734.279200000000	  13798.000000000000	      0.000000000000	      2.207942146663	      0.347289182103	      0.089444303476	      0.583523640362
734.525700	  183	  52356.000000000000	  23693.000000000000	   8212.000000000000	   1991.000000000000	    736.214000000000	    734.525700000000	  13917.000000000000	      0.000000000000	      2.209766597729	      0.346600261681	      0.084033258768	      0.587388680201
734.744900	  184	  52414.000000000000	  23715.000000000000	   8178.000000000000	   1813.000000000000	    736.421000000000	    734.744900000000	  13969.000000000000	      0.000000000000	      2.210162344508	      0.344845034788	      0.076449504533	      0.589036474805
734.997300	  185	  52503.000000000000	  23735.000000000000	   8225.000000000000	   1861.000000000000	    736.649000000000	    734.997300000000	  14023.000000000000	      0.000000000000	      2.212049715610	      0.346534653465	      0.078407415210	      0.590815251738
735.234800	  186	  52626.000000000000	  23783.000000000000	   8198.000000000000	   2033.000000000000	    736.881000000000	    735.234800000000	  14126.000000000000	      0.000000000000	      2.212757011311	      0.344699995795	      0.085481226086	      0.593953664382
735.507200	  187	  52684.000000000000	  23795.000000000000	   8210.000000000000	   2076.000000000000	    737.091000000000	    735.507200000000	  14165.000000000000	      0.000000000000	      2.214078587939	      0.345030468586	      0.087245219584	      0.595293128809
735.769200	  188	  52817.000000000000	  23834.000000000000	   8210.000000000000	   1868.000000000000	    737.311000000000	    735.769200000000	  14294.000000000000	      0.000000000000	      2.216035915079	      0.344465889066	      0.078375430058	      0.599731476043
736.043800	  189	  52900.000000000000	  23856.000000000000	   8241.000000000000	   1803.000000000000	    737.537000000000	    736.043800000000	  14346.000000000000	      0.000000000000	      2.217471495641	      0.345447686117	      0.075578470825	      0.601358148893
736.323700	  190	  53013.000000000000	  23891.000000000000	   8241.000000000000	   1983.000000000000	    737.760000000000	    736.323700000000	  14414.000000000000	      0.000000000000	      2.218952743711	      0.344941609811	      0.083001967268	      0.603323427232
736.607200	  191	  53094.000000000000	  23914.000000000000	   8224.000000000000	   2088.000000000000	    737.982000000000	    736.607200000000	  14501.000000000000	      0.000000000000	      2.220205737225	      0.343898971314	      0.087312871122	      0.606381199297
736.889700	  192	  53146.000000000000	  23934.000000000000	   8214.000000000000	   1940.000000000000	    738.196000000000	    736.889700000000	  14482.000000000000	      0.000000000000	      2.220523105206	      0.343193782903	      0.081056237988	      0.605080638422
737.180400	  193	  53279.000000000000	  23971.000000000000	   8212.000000000000	   1837.000000000000	    738.418000000000	    737.180400000000	  14651.000000000000	      0.000000000000	      2.222644028201	      0.342580618247	      0.076634266405	      0.611196862876
737.430600	  194	  53353.000000000000	  24001.000000000000	   8228.000000000000	   1874.000000000000	    738.644000000000	    737.430600000000	  14714.000000000000	      0.000000000000	      2.222949043790	      0.342819049206	      0.078080079997	      0.613057789259
737.711000	  195	  53406.000000000000	  24010.000000000000	   8213.000000000000	   2066.000000000000	    738.876000000000	    737.711000000000	  14814.000000000000	      0.000000000000	      2.224323198667	      0.342065805914	      0.086047480217	      0.616992919617
737.949000	  196	  53487.000000000000	  24038.000000000000	   8237.000000000000	   2040.000000000000	    739.102000000000	    737.949000000000	  14877.000000000000	      0.000000000000	      2.225101921957	      0.342665779183	      0.084865629420	      0.618895082786
738.208200	  197	  53584.000000000000	  24067.000000000000	   8234.000000000000	   1850.000000000000	    739.322000000000	    738.208200000000	  14959.000000000000	      0.000000000000	      2.226451157186	      0.342128225371	      0.076868741430	      0.621556488137
738.429000	  198	  53617.000000000000	  24083.000000000000	   8237.000000000000	   1841.000000000000	    739.538000000000	    738.429000000000	  15054.000000000000	      0.000000000000	      2.226342233110	      0.342025495163	      0.076443964622	      0.625088236515
738.666300	  199	  53663.000000000000	  24094.000000000000	   8227.000000000000	   1975.000000000000	    739.754000000000	    738.666300000000	  15139.000000000000	      0.000000000000	      2.227234996265	      0.341454303976	      0.081970615091	      0.628330704740
