 &SRS
 SRSRUN=236466,SRSDAT=2021124,SRSTIM=25434,
 SRSSTN='Bran',SRSPRJ='I06-1   ',SRSEXP='Emulator',
 SRSTLE='                                                            ',
 SRSCN1='        ',SRSCN2='        ',SRSCN3='        ',
<MetaDataAtStart>
command=scan fastEnergy 0.0 199.0 1.0 fesData 0 1
date='Wed Feb 24 14:54:33 2021'
beamenergy=3.00088940476
ringcurrent=300.038468813
iddgap=36.27835
iddtrp=22.4135
iddbrp=22.4135
idugap=100.0
idutrp=0.0
idubrp=0.0
pugap=155.004
pgmpitch=88.2676385324
pgmgratpitch=87.5559762167
cff=2.25
grating=400
pgmenergy=694.7994
denergy=694.799
uenergy=694.799
s1xgap=1.497
s1ygap=1.496
m1x=-5.0
m1pitch=-8509.0
m1qg=0.0168
m6x=3.0
m6yaw=-247.0
m6pitch=-10910.0
m6qg=0.0162
m7x=-1.4
m7pitch=6949.0
m7qg=14.6904
d9y=-16.000026
d10y=6.003
d11y=2.9
s6x=1.5147
s6xgap=1500.0
s6y=8.4887
s6ygap=20.068
iamp12_gain=10^7 V/A
magx=0.0
magy=0.0
magz=6.0
scmx=0.0
scmy=-4.0
scmth=3e-05
Tsample_mag=1.9
amp_scm_gain=5.0
amp_XABS_gain=6.0
amp_DDIFF_gain=5.0
m7y=-19.1
</MetaDataAtStart>
 &END
fastEnergy	pIndex	C1	C2	C3	C4	iddenergy	pgmenergy	C5	C6	idio	ifio	ifioft	ifiofb
694.916500	    0	  36651.000000000000	  22523.000000000000	   4827.000000000000	   2092.000000000000	    694.954000000000	    694.916500000000	   5841.000000000000	      0.000000000000	      1.627269901878	      0.214314256538	      0.092882830884	      0.259334902100
695.121100	    1	  37046.000000000000	  22713.000000000000	   4846.000000000000	   1918.000000000000	    694.954000000000	    695.121100000000	   5888.000000000000	      0.000000000000	      1.631048298331	      0.213357988817	      0.084445031480	      0.259234799454
695.337000	    2	  37370.000000000000	  22847.000000000000	   4845.000000000000	   1804.000000000000	    695.045000000000	    695.337000000000	   5907.000000000000	      0.000000000000	      1.635663325601	      0.212062852891	      0.078960038517	      0.258545979779
695.532300	    3	  37416.000000000000	  22851.000000000000	   4858.000000000000	   1893.000000000000	    695.247000000000	    695.532300000000	   5899.000000000000	      0.000000000000	      1.637390048576	      0.212594634808	      0.082841013522	      0.258150627981
695.742400	    4	  37457.000000000000	  22880.000000000000	   4884.000000000000	   2074.000000000000	    695.457000000000	    695.742400000000	   5903.000000000000	      0.000000000000	      1.637106643357	      0.213461538462	      0.090646853147	      0.257998251748
695.930400	    5	  37538.000000000000	  22899.000000000000	   4854.000000000000	   2007.000000000000	    695.685000000000	    695.930400000000	   5917.000000000000	      0.000000000000	      1.639285558321	      0.211974322023	      0.087645748723	      0.258395563125
696.137200	    6	  37697.000000000000	  22909.000000000000	   4878.000000000000	   1823.000000000000	    695.901000000000	    696.137200000000	   5882.000000000000	      0.000000000000	      1.645510498058	      0.212929416387	      0.079575712602	      0.256754987123
696.327400	    7	  37830.000000000000	  22929.000000000000	   4859.000000000000	   1835.000000000000	    696.124000000000	    696.327400000000	   5917.000000000000	      0.000000000000	      1.649875703258	      0.211915042086	      0.080029656767	      0.258057481792
696.535400	    8	  37832.000000000000	  22927.000000000000	   4872.000000000000	   2019.000000000000	    696.342000000000	    696.535400000000	   5906.000000000000	      0.000000000000	      1.650106860906	      0.212500545209	      0.088062110176	      0.257600209360
696.728900	    9	  37895.000000000000	  22935.000000000000	   4883.000000000000	   2073.000000000000	    696.566000000000	    696.728900000000	   5882.000000000000	      0.000000000000	      1.652278177458	      0.212906038805	      0.090385873120	      0.256463919773
696.941200	   10	  37934.000000000000	  22940.000000000000	   4884.000000000000	   1886.000000000000	    696.801000000000	    696.941200000000	   5886.000000000000	      0.000000000000	      1.653618134263	      0.212903225806	      0.082214472537	      0.256582388840
697.134400	   11	  37929.000000000000	  22932.000000000000	   4872.000000000000	   1799.000000000000	    697.023000000000	    697.134400000000	   5876.000000000000	      0.000000000000	      1.653976975406	      0.212454212454	      0.078449328449	      0.256235827664
697.350500	   12	  37928.000000000000	  22941.000000000000	   4892.000000000000	   1936.000000000000	    697.251000000000	    697.350500000000	   5880.000000000000	      0.000000000000	      1.653284512445	      0.213242665969	      0.084390392747	      0.256309663920
697.566700	   13	  37942.000000000000	  22954.000000000000	   4881.000000000000	   2064.000000000000	    697.465000000000	    697.566700000000	   5899.000000000000	      0.000000000000	      1.652958090093	      0.212642676658	      0.089918968372	      0.256992245360
697.803800	   14	  37922.000000000000	  22952.000000000000	   4903.000000000000	   1980.000000000000	    697.704000000000	    697.803800000000	   5900.000000000000	      0.000000000000	      1.652230742419	      0.213619728128	      0.086266991983	      0.257058208435
698.030500	   15	  37917.000000000000	  22961.000000000000	   4884.000000000000	   1819.000000000000	    697.930000000000	    698.030500000000	   5887.000000000000	      0.000000000000	      1.651365358652	      0.212708505727	      0.079221288271	      0.256391272157
698.265900	   16	  37901.000000000000	  22967.000000000000	   4895.000000000000	   1845.000000000000	    698.142000000000	    698.265900000000	   5916.000000000000	      0.000000000000	      1.650237296991	      0.213131884878	      0.080332651195	      0.257586972613
698.478100	   17	  37903.000000000000	  22982.000000000000	   4893.000000000000	   2036.000000000000	    698.359000000000	    698.478100000000	   5876.000000000000	      0.000000000000	      1.649247236968	      0.212905752328	      0.088591071273	      0.255678356975
698.723000	   18	  37879.000000000000	  22976.000000000000	   4883.000000000000	   2072.000000000000	    698.597000000000	    698.723000000000	   5921.000000000000	      0.000000000000	      1.648633356546	      0.212526114206	      0.090181058496	      0.257703690808
698.934000	   19	  37889.000000000000	  22980.000000000000	   4881.000000000000	   1883.000000000000	    698.820000000000	    698.934000000000	   5883.000000000000	      0.000000000000	      1.648781549173	      0.212402088773	      0.081940818103	      0.256005221932
699.166500	   20	  37885.000000000000	  22978.000000000000	   4888.000000000000	   1796.000000000000	    699.066000000000	    699.166500000000	   5913.000000000000	      0.000000000000	      1.648750979197	      0.212725215423	      0.078161719906	      0.257333101227
699.375200	   21	  37923.000000000000	  22997.000000000000	   4903.000000000000	   1933.000000000000	    699.289000000000	    699.375200000000	   5904.000000000000	      0.000000000000	      1.649041179284	      0.213201721964	      0.084054441884	      0.256729138583
699.603900	   22	  37925.000000000000	  22991.000000000000	   4905.000000000000	   2083.000000000000	    699.513000000000	    699.603900000000	   5924.000000000000	      0.000000000000	      1.649558522900	      0.213344352138	      0.090600669827	      0.257666043234
699.802600	   23	  37929.000000000000	  23000.000000000000	   4912.000000000000	   1962.000000000000	    699.734000000000	    699.802600000000	   5943.000000000000	      0.000000000000	      1.649086956522	      0.213565217391	      0.085304347826	      0.258391304348
700.026500	   24	  37949.000000000000	  23013.000000000000	   4919.000000000000	   1808.000000000000	    699.958000000000	    700.026500000000	   5946.000000000000	      0.000000000000	      1.649024464433	      0.213748750706	      0.078564289749	      0.258375700691
700.247400	   25	  37961.000000000000	  23013.000000000000	   4917.000000000000	   1851.000000000000	    700.184000000000	    700.247400000000	   5942.000000000000	      0.000000000000	      1.649545908834	      0.213661843306	      0.080432798853	      0.258201885891
700.452200	   26	  38003.000000000000	  23035.000000000000	   4942.000000000000	   2059.000000000000	    700.403000000000	    700.452200000000	   5962.000000000000	      0.000000000000	      1.649793792056	      0.214543086607	      0.089385717387	      0.258823529412
700.641200	   27	  37998.000000000000	  23026.000000000000	   4940.000000000000	   2051.000000000000	    700.625000000000	    700.641200000000	   6003.000000000000	      0.000000000000	      1.650221488752	      0.214540085121	      0.089073221576	      0.260705289673
700.834900	   28	  38023.000000000000	  23032.000000000000	   4928.000000000000	   1850.000000000000	    700.854000000000	    700.834900000000	   5979.000000000000	      0.000000000000	      1.650877040639	      0.213963181660	      0.080323028829	      0.259595345606
701.034900	   29	  38028.000000000000	  23034.000000000000	   4951.000000000000	   1808.000000000000	    701.078000000000	    701.034900000000	   6000.000000000000	      0.000000000000	      1.650950768429	      0.214943127551	      0.078492663020	      0.260484501172
701.226300	   30	  38067.000000000000	  23044.000000000000	   4966.000000000000	   1988.000000000000	    701.303000000000	    701.226300000000	   6034.000000000000	      0.000000000000	      1.651926748828	      0.215500781114	      0.086269744836	      0.261846901580
701.415700	   31	  38096.000000000000	  23047.000000000000	   4951.000000000000	   2093.000000000000	    701.532000000000	    701.415700000000	   6078.000000000000	      0.000000000000	      1.652970017790	      0.214821885712	      0.090814422701	      0.263721959474
701.599100	   32	  38104.000000000000	  23044.000000000000	   4961.000000000000	   1928.000000000000	    701.772000000000	    701.599100000000	   6073.000000000000	      0.000000000000	      1.653532372852	      0.215283804895	      0.083666030203	      0.263539316091
701.801600	   33	  38103.000000000000	  23044.000000000000	   4996.000000000000	   1781.000000000000	    701.993000000000	    701.801600000000	   6123.000000000000	      0.000000000000	      1.653488977608	      0.216802638431	      0.077286929353	      0.265709078285
701.993400	   34	  38160.000000000000	  23052.000000000000	   4987.000000000000	   1891.000000000000	    702.211000000000	    701.993400000000	   6176.000000000000	      0.000000000000	      1.655387818844	      0.216336977269	      0.082031927815	      0.267916015964
702.205900	   35	  38183.000000000000	  23054.000000000000	   5000.000000000000	   2099.000000000000	    702.436000000000	    702.205900000000	   6230.000000000000	      0.000000000000	      1.656241866921	      0.216882102889	      0.091047106793	      0.270235100200
702.403500	   36	  38222.000000000000	  23065.000000000000	   5018.000000000000	   2024.000000000000	    702.660000000000	    702.403500000000	   6268.000000000000	      0.000000000000	      1.657142857143	      0.217559072187	      0.087752005203	      0.271753739432
702.628000	   37	  38215.000000000000	  23042.000000000000	   5028.000000000000	   1808.000000000000	    702.887000000000	    702.628000000000	   6312.000000000000	      0.000000000000	      1.658493186355	      0.218210224807	      0.078465410989	      0.273934554292
702.840900	   38	  38272.000000000000	  23058.000000000000	   5034.000000000000	   1845.000000000000	    703.120000000000	    702.840900000000	   6391.000000000000	      0.000000000000	      1.659814381126	      0.218319021598	      0.080015612802	      0.277170613236
703.081100	   39	  38309.000000000000	  23060.000000000000	   5046.000000000000	   2029.000000000000	    703.353000000000	    703.081100000000	   6501.000000000000	      0.000000000000	      1.661274934952	      0.218820468343	      0.087987857762	      0.281916738942
703.298300	   40	  38388.000000000000	  23058.000000000000	   5070.000000000000	   2061.000000000000	    703.563000000000	    703.298300000000	   6618.000000000000	      0.000000000000	      1.664845173042	      0.219880301848	      0.089383294301	      0.287015352589
703.544500	   41	  38481.000000000000	  23061.000000000000	   5102.000000000000	   1887.000000000000	    703.772000000000	    703.544500000000	   6709.000000000000	      0.000000000000	      1.668661376350	      0.221239321799	      0.081826460258	      0.290924070942
703.759500	   42	  38554.000000000000	  23064.000000000000	   5123.000000000000	   1796.000000000000	    704.002000000000	    703.759500000000	   6855.000000000000	      0.000000000000	      1.671609434617	      0.222121054457	      0.077870274020	      0.297216441207
704.017400	   43	  38644.000000000000	  23058.000000000000	   5158.000000000000	   1954.000000000000	    704.241000000000	    704.017400000000	   7058.000000000000	      0.000000000000	      1.675947610374	      0.223696764680	      0.084742822448	      0.306097666753
704.239800	   44	  38792.000000000000	  23070.000000000000	   5217.000000000000	   2111.000000000000	    704.466000000000	    704.239800000000	   7308.000000000000	      0.000000000000	      1.681491114001	      0.226137841352	      0.091504117902	      0.316775032510
704.481000	   45	  38997.000000000000	  23078.000000000000	   5255.000000000000	   1951.000000000000	    704.691000000000	    704.481000000000	   7578.000000000000	      0.000000000000	      1.689791143080	      0.227706040385	      0.084539388162	      0.328364676315
704.696500	   46	  39239.000000000000	  23074.000000000000	   5331.000000000000	   1804.000000000000	    704.909000000000	    704.696500000000	   7946.000000000000	      0.000000000000	      1.700572072463	      0.231039264974	      0.078183236543	      0.344370286903
704.931800	   47	  39581.000000000000	  23084.000000000000	   5409.000000000000	   1867.000000000000	    705.136000000000	    704.931800000000	   8501.000000000000	      0.000000000000	      1.714650840409	      0.234318142436	      0.080878530584	      0.368263732455
705.128900	   48	  40065.000000000000	  23085.000000000000	   5525.000000000000	   2066.000000000000	    705.373000000000	    705.128900000000	   9112.000000000000	      0.000000000000	      1.735542560104	      0.239332900152	      0.089495343297	      0.394715183019
705.361900	   49	  40978.000000000000	  23099.000000000000	   5743.000000000000	   2036.000000000000	    705.591000000000	    705.361900000000	  10151.000000000000	      0.000000000000	      1.774016191177	      0.248625481623	      0.088142343824	      0.439456253517
705.554700	   50	  42634.000000000000	  23112.000000000000	   6064.000000000000	   1838.000000000000	    705.816000000000	    705.554700000000	  11708.000000000000	      0.000000000000	      1.844669435791	      0.262374524057	      0.079525787470	      0.506576670128
705.761500	   51	  45190.000000000000	  23110.000000000000	   6615.000000000000	   1816.000000000000	    706.047000000000	    705.761500000000	  14202.000000000000	      0.000000000000	      1.955430549546	      0.286239723064	      0.078580700995	      0.614539160537
705.945100	   52	  50600.000000000000	  23104.000000000000	   7705.000000000000	   2024.000000000000	    706.264000000000	    705.945100000000	  18282.000000000000	      0.000000000000	      2.190096952909	      0.333492036011	      0.087603878116	      0.791291551247
706.149600	   53	  59769.000000000000	  23098.000000000000	   9094.000000000000	   2087.000000000000	    706.493000000000	    706.149600000000	  23090.000000000000	      0.000000000000	      2.587626634341	      0.393713741449	      0.090354143216	      0.999653649667
706.326600	   54	  69959.000000000000	  23095.000000000000	  10301.000000000000	   1904.000000000000	    706.718000000000	    706.326600000000	  27521.000000000000	      0.000000000000	      3.029183806019	      0.446027278632	      0.082442087032	      1.191643212817
706.531800	   55	  79511.000000000000	  23099.000000000000	  11105.000000000000	   1822.000000000000	    706.938000000000	    706.531800000000	  30192.000000000000	      0.000000000000	      3.442183644314	      0.480756742716	      0.078877873501	      1.307069570111
706.714300	   56	  87154.000000000000	  23104.000000000000	  11565.000000000000	   1918.000000000000	    707.163000000000	    706.714300000000	  30858.000000000000	      0.000000000000	      3.772247229917	      0.500562673130	      0.083015927978	      1.335612880886
706.919700	   57	  93144.000000000000	  23101.000000000000	  11766.000000000000	   2092.000000000000	    707.398000000000	    706.919700000000	  30444.000000000000	      0.000000000000	      4.032033245314	      0.509328600493	      0.090558850266	      1.317865027488
707.096600	   58	  97969.000000000000	  23097.000000000000	  11804.000000000000	   2014.000000000000	    707.621000000000	    707.096600000000	  29277.000000000000	      0.000000000000	      4.241633112525	      0.511062042690	      0.087197471533	      1.267567216522
707.299700	   59	 100430.000000000000	  23093.000000000000	  11765.000000000000	   1832.000000000000	    707.830000000000	    707.299700000000	  27633.000000000000	      0.000000000000	      4.348936907288	      0.509461741653	      0.079331399125	      1.196596371195
707.513800	   60	 101133.000000000000	  23100.000000000000	  11616.000000000000	   1850.000000000000	    708.057000000000	    707.513800000000	  25504.000000000000	      0.000000000000	      4.378051948052	      0.502857142857	      0.080086580087	      1.104069264069
707.722300	   61	 101430.000000000000	  23106.000000000000	  11410.000000000000	   2049.000000000000	    708.282000000000	    707.722300000000	  23229.000000000000	      0.000000000000	      4.389768891197	      0.493811131308	      0.088678265386	      1.005323292651
707.933500	   62	  98451.000000000000	  23110.000000000000	  11150.000000000000	   2078.000000000000	    708.519000000000	    707.933500000000	  21486.000000000000	      0.000000000000	      4.260103851147	      0.482475118996	      0.089917784509	      0.929727390740
708.160000	   63	  93499.000000000000	  23119.000000000000	  11048.000000000000	   1873.000000000000	    708.733000000000	    708.160000000000	  20599.000000000000	      0.000000000000	      4.044249318742	      0.477875340629	      0.081015614862	      0.890998745620
708.384000	   64	  91673.000000000000	  23126.000000000000	  10994.000000000000	   1829.000000000000	    708.958000000000	    708.384000000000	  20248.000000000000	      0.000000000000	      3.964066418749	      0.475395658566	      0.079088471850	      0.875551327510
708.598300	   65	  92962.000000000000	  23118.000000000000	  10971.000000000000	   1971.000000000000	    709.185000000000	    708.598300000000	  20046.000000000000	      0.000000000000	      4.021195605156	      0.474565273813	      0.085258240332	      0.867116532572
708.839900	   66	  96444.000000000000	  23118.000000000000	  10897.000000000000	   2093.000000000000	    709.413000000000	    708.839900000000	  19857.000000000000	      0.000000000000	      4.171814170776	      0.471364304871	      0.090535513453	      0.858941084869
709.043400	   67	  99690.000000000000	  23124.000000000000	  10817.000000000000	   1957.000000000000	    709.635000000000	    709.043400000000	  19458.000000000000	      0.000000000000	      4.311105345096	      0.467782390590	      0.084630686732	      0.841463414634
709.271100	   68	 100597.000000000000	  23123.000000000000	  10641.000000000000	   1820.000000000000	    709.867000000000	    709.271100000000	  18895.000000000000	      0.000000000000	      4.350516801453	      0.460191151667	      0.078709510012	      0.817151753665
709.479100	   69	  98259.000000000000	  23112.000000000000	  10299.000000000000	   1883.000000000000	    710.090000000000	    709.479100000000	  17946.000000000000	      0.000000000000	      4.251427829699	      0.445612668744	      0.081472827968	      0.776479750779
709.700300	   70	  92666.000000000000	  23118.000000000000	  10018.000000000000	   2047.000000000000	    710.307000000000	    709.700300000000	  16845.000000000000	      0.000000000000	      4.008391729388	      0.433341984601	      0.088545721948	      0.728652997664
709.891700	   71	  85496.000000000000	  23107.000000000000	   9669.000000000000	   2025.000000000000	    710.540000000000	    709.891700000000	  15826.000000000000	      0.000000000000	      3.700004327693	      0.418444627169	      0.087635781365	      0.684900679448
710.099500	   72	  79199.000000000000	  23099.000000000000	   9394.000000000000	   1878.000000000000	    710.767000000000	    710.099500000000	  14909.000000000000	      0.000000000000	      3.428676566085	      0.406684272046	      0.081302220875	      0.645439196502
710.294300	   73	  74283.000000000000	  23097.000000000000	   9147.000000000000	   1820.000000000000	    710.988000000000	    710.294300000000	  14148.000000000000	      0.000000000000	      3.216131965190	      0.396025457852	      0.078798112309	      0.612547084037
710.495000	   74	  70648.000000000000	  23098.000000000000	   8995.000000000000	   1997.000000000000	    711.223000000000	    710.495000000000	  13491.000000000000	      0.000000000000	      3.058619793922	      0.389427656074	      0.086457701966	      0.584076543424
710.677400	   75	  67903.000000000000	  23087.000000000000	   8886.000000000000	   2086.000000000000	    711.440000000000	    710.677400000000	  13067.000000000000	      0.000000000000	      2.941179018495	      0.384891930524	      0.090353878806	      0.565989517911
710.864700	   76	  65816.000000000000	  23080.000000000000	   8812.000000000000	   1923.000000000000	    711.659000000000	    710.864700000000	  12708.000000000000	      0.000000000000	      2.851646447140	      0.381802426343	      0.083318890815	      0.550606585789
711.034600	   77	  64086.000000000000	  23060.000000000000	   8664.000000000000	   1792.000000000000	    711.898000000000	    711.034600000000	  12453.000000000000	      0.000000000000	      2.779098005204	      0.375715524718	      0.077710320902	      0.540026019081
711.227300	   78	  62544.000000000000	  23050.000000000000	   8594.000000000000	   1900.000000000000	    712.114000000000	    711.227300000000	  12218.000000000000	      0.000000000000	      2.713405639913	      0.372841648590	      0.082429501085	      0.530065075922
711.391600	   79	  61168.000000000000	  23052.000000000000	   8526.000000000000	   2099.000000000000	    712.335000000000	    711.391600000000	  12013.000000000000	      0.000000000000	      2.653479090751	      0.369859448204	      0.091055006073	      0.521126149575
711.577700	   80	  60090.000000000000	  23036.000000000000	   8433.000000000000	   2003.000000000000	    712.564000000000	    711.577700000000	  11841.000000000000	      0.000000000000	      2.608525785727	      0.366079180413	      0.086950859524	      0.514021531516
711.739000	   81	  59169.000000000000	  23024.000000000000	   8353.000000000000	   1825.000000000000	    712.789000000000	    711.739000000000	  11668.000000000000	      0.000000000000	      2.569883599722	      0.362795343989	      0.079265114663	      0.506775538568
711.919400	   82	  58274.000000000000	  23002.000000000000	   8286.000000000000	   1847.000000000000	    713.006000000000	    711.919400000000	  11528.000000000000	      0.000000000000	      2.533431875489	      0.360229545257	      0.080297365446	      0.501173810973
712.078800	   83	  57490.000000000000	  23000.000000000000	   8230.000000000000	   2045.000000000000	    713.233000000000	    712.078800000000	  11381.000000000000	      0.000000000000	      2.499565217391	      0.357826086957	      0.088913043478	      0.494826086957
712.264600	   84	  56738.000000000000	  22978.000000000000	   8165.000000000000	   2072.000000000000	    713.469000000000	    712.264600000000	  11260.000000000000	      0.000000000000	      2.469231438768	      0.355339890330	      0.090173209157	      0.490033945513
712.438400	   85	  56022.000000000000	  22978.000000000000	   8049.000000000000	   1872.000000000000	    713.690000000000	    712.438400000000	  11090.000000000000	      0.000000000000	      2.438071198538	      0.350291583254	      0.081469231439	      0.482635564453
712.637100	   86	  55384.000000000000	  22982.000000000000	   8009.000000000000	   1795.000000000000	    713.907000000000	    712.637100000000	  10931.000000000000	      0.000000000000	      2.409885997737	      0.348490122705	      0.078104603603	      0.475633104168
712.813800	   87	  54724.000000000000	  22968.000000000000	   7933.000000000000	   1969.000000000000	    714.139000000000	    712.813800000000	  10810.000000000000	      0.000000000000	      2.382619296412	      0.345393591083	      0.085727969349	      0.470654824103
713.020700	   88	  54075.000000000000	  22958.000000000000	   7916.000000000000	   2115.000000000000	    714.358000000000	    713.020700000000	  10680.000000000000	      0.000000000000	      2.355388100009	      0.344803554317	      0.092124749543	      0.465197316839
713.208100	   89	  53508.000000000000	  22954.000000000000	   7865.000000000000	   1964.000000000000	    714.581000000000	    713.208100000000	  10543.000000000000	      0.000000000000	      2.331096976562	      0.342641805350	      0.085562429206	      0.459309924196
713.424700	   90	  53017.000000000000	  22952.000000000000	   7827.000000000000	   1803.000000000000	    714.811000000000	    713.424700000000	  10441.000000000000	      0.000000000000	      2.309907633322	      0.341016033461	      0.078555245730	      0.454905890554
713.644700	   91	  52479.000000000000	  22928.000000000000	   7760.000000000000	   1876.000000000000	    715.030000000000	    713.644700000000	  10329.000000000000	      0.000000000000	      2.288860781577	      0.338450802512	      0.081821353803	      0.450497208653
713.848300	   92	  52049.000000000000	  22939.000000000000	   7748.000000000000	   2064.000000000000	    715.253000000000	    713.848300000000	  10271.000000000000	      0.000000000000	      2.269017829897	      0.337765377741	      0.089977767121	      0.447752735516
714.078100	   93	  51592.000000000000	  22926.000000000000	   7704.000000000000	   2046.000000000000	    715.485000000000	    714.078100000000	  10155.000000000000	      0.000000000000	      2.250370758091	      0.336037686470	      0.089243653494	      0.442946872546
714.286800	   94	  51205.000000000000	  22926.000000000000	   7661.000000000000	   1854.000000000000	    715.714000000000	    714.286800000000	  10085.000000000000	      0.000000000000	      2.233490360290	      0.334162086714	      0.080868882491	      0.439893570619
714.522100	   95	  50776.000000000000	  22908.000000000000	   7639.000000000000	   1824.000000000000	    715.942000000000	    714.522100000000	   9979.000000000000	      0.000000000000	      2.216518246901	      0.333464291950	      0.079622839183	      0.435612013270
714.727900	   96	  50437.000000000000	  22909.000000000000	   7556.000000000000	   1991.000000000000	    716.149000000000	    714.727900000000	   9898.000000000000	      0.000000000000	      2.201623815968	      0.329826705662	      0.086909075036	      0.432057270069
714.963000	   97	  50096.000000000000	  22899.000000000000	   7537.000000000000	   2086.000000000000	    716.386000000000	    714.963000000000	   9797.000000000000	      0.000000000000	      2.187693785755	      0.329141010524	      0.091095681034	      0.427835276650
715.169000	   98	  49803.000000000000	  22891.000000000000	   7516.000000000000	   1914.000000000000	    716.602000000000	    715.169000000000	   9657.000000000000	      0.000000000000	      2.175658555764	      0.328338648377	      0.083613647285	      0.421868856756
715.388500	   99	  49530.000000000000	  22884.000000000000	   7458.000000000000	   1792.000000000000	    716.825000000000	    715.388500000000	   9585.000000000000	      0.000000000000	      2.164394336654	      0.325904562139	      0.078307988114	      0.418851599371
715.586200	  100	  49327.000000000000	  22888.000000000000	   7426.000000000000	   1914.000000000000	    717.057000000000	    715.586200000000	   9496.000000000000	      0.000000000000	      2.155146801818	      0.324449493184	      0.083624606781	      0.414889898637
715.793600	  101	  49048.000000000000	  22867.000000000000	   7398.000000000000	   2087.000000000000	    717.276000000000	    715.793600000000	   9387.000000000000	      0.000000000000	      2.144925001093	      0.323522980715	      0.091266891153	      0.410504220055
715.983500	  102	  48802.000000000000	  22858.000000000000	   7378.000000000000	   2001.000000000000	    717.492000000000	    715.983500000000	   9277.000000000000	      0.000000000000	      2.135007437221	      0.322775395923	      0.087540467232	      0.405853530493
716.183200	  103	  48579.000000000000	  22856.000000000000	   7352.000000000000	   1811.000000000000	    717.725000000000	    716.183200000000	   9209.000000000000	      0.000000000000	      2.125437521876	      0.321666083304	      0.079235211761	      0.402913895695
716.373900	  104	  48343.000000000000	  22852.000000000000	   7352.000000000000	   1856.000000000000	    717.957000000000	    716.373900000000	   9109.000000000000	      0.000000000000	      2.115482233503	      0.321722387537	      0.081218274112	      0.398608436898
716.568400	  105	  48167.000000000000	  22860.000000000000	   7347.000000000000	   2041.000000000000	    718.178000000000	    716.568400000000	   9048.000000000000	      0.000000000000	      2.107042869641	      0.321391076115	      0.089282589676	      0.395800524934
716.741600	  106	  47959.000000000000	  22848.000000000000	   7325.000000000000	   2042.000000000000	    718.431000000000	    716.741600000000	   8968.000000000000	      0.000000000000	      2.099045868347	      0.320596988796	      0.089373249300	      0.392507002801
716.941200	  107	  47810.000000000000	  22853.000000000000	   7342.000000000000	   1872.000000000000	    718.626000000000	    716.941200000000	   8919.000000000000	      0.000000000000	      2.092066687087	      0.321270730320	      0.081914847066	      0.390276987704
717.110300	  108	  47612.000000000000	  22848.000000000000	   7316.000000000000	   1852.000000000000	    718.845000000000	    717.110300000000	   8827.000000000000	      0.000000000000	      2.083858543417	      0.320203081232	      0.081057422969	      0.386335784314
717.306800	  109	  47488.000000000000	  22848.000000000000	   7329.000000000000	   1940.000000000000	    719.105000000000	    717.306800000000	   8734.000000000000	      0.000000000000	      2.078431372549	      0.320772058824	      0.084908963585	      0.382265406162
717.486800	  110	  47410.000000000000	  22850.000000000000	   7344.000000000000	   2061.000000000000	    719.297000000000	    717.486800000000	   8663.000000000000	      0.000000000000	      2.074835886214	      0.321400437637	      0.090196936543	      0.379124726477
717.676600	  111	  47382.000000000000	  22843.000000000000	   7364.000000000000	   1985.000000000000	    719.540000000000	    717.676600000000	   8625.000000000000	      0.000000000000	      2.074245939675	      0.322374469203	      0.086897517839	      0.377577376001
717.859500	  112	  47455.000000000000	  22843.000000000000	   7412.000000000000	   1823.000000000000	    719.742000000000	    717.859500000000	   8616.000000000000	      0.000000000000	      2.077441667031	      0.324475769382	      0.079805629733	      0.377183382218
718.069900	  113	  47678.000000000000	  22842.000000000000	   7496.000000000000	   1855.000000000000	    719.972000000000	    718.069900000000	   8607.000000000000	      0.000000000000	      2.087295333158	      0.328167410910	      0.081210051659	      0.376805883898
718.259900	  114	  48108.000000000000	  22845.000000000000	   7641.000000000000	   2051.000000000000	    720.236000000000	    718.259900000000	   8696.000000000000	      0.000000000000	      2.105843729481	      0.334471437951	      0.089778945065	      0.380652221493
718.483400	  115	  48915.000000000000	  22854.000000000000	   7867.000000000000	   2069.000000000000	    720.421000000000	    718.483400000000	   8863.000000000000	      0.000000000000	      2.140325544762	      0.344228581430	      0.090531198040	      0.387809573816
718.710800	  116	  50369.000000000000	  22856.000000000000	   8151.000000000000	   1859.000000000000	    720.653000000000	    718.710800000000	   9268.000000000000	      0.000000000000	      2.203753937697	      0.356624081204	      0.081335316766	      0.405495274764
718.931900	  117	  52347.000000000000	  22851.000000000000	   8568.000000000000	   1816.000000000000	    720.881000000000	    718.931900000000	   9883.000000000000	      0.000000000000	      2.290796901667	      0.374950768019	      0.079471357927	      0.432497483699
719.163400	  118	  54500.000000000000	  22861.000000000000	   8991.000000000000	   1984.000000000000	    721.131000000000	    719.163400000000	  10731.000000000000	      0.000000000000	      2.383972704606	      0.393289882332	      0.086785354971	      0.469402038406
719.390600	  119	  56452.000000000000	  22870.000000000000	   9421.000000000000	   2101.000000000000	    721.334000000000	    719.390600000000	  11578.000000000000	      0.000000000000	      2.468386532575	      0.411937035418	      0.091867074770	      0.506252732838
719.623500	  120	  58099.000000000000	  22872.000000000000	   9730.000000000000	   1954.000000000000	    721.544000000000	    719.623500000000	  12408.000000000000	      0.000000000000	      2.540180132914	      0.425410982861	      0.085431969220	      0.542497376705
719.853700	  121	  59529.000000000000	  22890.000000000000	   9971.000000000000	   1806.000000000000	    721.794000000000	    719.853700000000	  13115.000000000000	      0.000000000000	      2.600655307995	      0.435605067715	      0.078899082569	      0.572957623416
720.089000	  122	  60769.000000000000	  22893.000000000000	  10117.000000000000	   1910.000000000000	    722.024000000000	    720.089000000000	  13683.000000000000	      0.000000000000	      2.654479535229	      0.441925479404	      0.083431616651	      0.597693618137
720.308800	  123	  62053.000000000000	  22905.000000000000	  10177.000000000000	   2094.000000000000	    722.226000000000	    720.308800000000	  14131.000000000000	      0.000000000000	      2.709146474569	      0.444313468675	      0.091421087099	      0.616939532853
720.551400	  124	  63112.000000000000	  22916.000000000000	  10226.000000000000	   2036.000000000000	    722.478000000000	    720.551400000000	  14460.000000000000	      0.000000000000	      2.754058299878	      0.446238436027	      0.088846220981	      0.631000174551
720.755200	  125	  63975.000000000000	  22923.000000000000	  10251.000000000000	   1840.000000000000	    722.680000000000	    720.755200000000	  14685.000000000000	      0.000000000000	      2.790865070017	      0.447192775815	      0.080268725734	      0.640622955111
720.987300	  126	  64448.000000000000	  22932.000000000000	  10233.000000000000	   1854.000000000000	    722.918000000000	    720.987300000000	  14867.000000000000	      0.000000000000	      2.810395953253	      0.446232339089	      0.080847723705	      0.648308041165
721.196800	  127	  64239.000000000000	  22941.000000000000	  10185.000000000000	   2037.000000000000	    723.125000000000	    721.196800000000	  15066.000000000000	      0.000000000000	      2.800183078331	      0.443964953577	      0.088792990715	      0.656728128678
721.415600	  128	  63428.000000000000	  22953.000000000000	  10140.000000000000	   2106.000000000000	    723.341000000000	    721.415600000000	  15235.000000000000	      0.000000000000	      2.763386049754	      0.441772317344	      0.091752712064	      0.663747658258
721.608600	  129	  62619.000000000000	  22965.000000000000	  10057.000000000000	   1921.000000000000	    723.589000000000	    721.608600000000	  15395.000000000000	      0.000000000000	      2.726714565643	      0.437927280644	      0.083649031134	      0.670367951230
721.828200	  130	  61950.000000000000	  22975.000000000000	   9941.000000000000	   1804.000000000000	    723.816000000000	    721.828200000000	  15415.000000000000	      0.000000000000	      2.696409140370	      0.432687704026	      0.078520130577	      0.670946681175
722.032200	  131	  61399.000000000000	  22988.000000000000	   9849.000000000000	   1956.000000000000	    724.013000000000	    722.032200000000	  15432.000000000000	      0.000000000000	      2.670915260136	      0.428440925700	      0.085087871933	      0.671306768749
722.254800	  132	  60972.000000000000	  23003.000000000000	   9702.000000000000	   2126.000000000000	    724.270000000000	    722.254800000000	  15348.000000000000	      0.000000000000	      2.650610789897	      0.421771073338	      0.092422727470	      0.667217319480
722.445500	  133	  60635.000000000000	  23030.000000000000	   9531.000000000000	   1995.000000000000	    724.473000000000	    722.445500000000	  15155.000000000000	      0.000000000000	      2.632870169344	      0.413851498046	      0.086626139818	      0.658054711246
722.653100	  134	  60076.000000000000	  23026.000000000000	   9384.000000000000	   1826.000000000000	    724.722000000000	    722.653100000000	  14886.000000000000	      0.000000000000	      2.609050638409	      0.407539303396	      0.079301658994	      0.646486580387
722.842900	  135	  59408.000000000000	  23047.000000000000	   9207.000000000000	   1885.000000000000	    724.925000000000	    722.842900000000	  14598.000000000000	      0.000000000000	      2.577689070161	      0.399488002777	      0.081789386905	      0.633401310366
723.058900	  136	  58538.000000000000	  23067.000000000000	   9062.000000000000	   2081.000000000000	    725.152000000000	    723.058900000000	  14297.000000000000	      0.000000000000	      2.537737893961	      0.392855594572	      0.090215459314	      0.619803182035
723.262500	  137	  57566.000000000000	  23082.000000000000	   8971.000000000000	   2078.000000000000	    725.372000000000	    723.262500000000	  14049.000000000000	      0.000000000000	      2.493977991509	      0.388657828611	      0.090026860757	      0.608656095659
723.477100	  138	  56674.000000000000	  23093.000000000000	   8878.000000000000	   1859.000000000000	    725.620000000000	    723.477100000000	  13853.000000000000	      0.000000000000	      2.454163599359	      0.384445502966	      0.080500584593	      0.599878751137
723.676600	  139	  55847.000000000000	  23103.000000000000	   8804.000000000000	   1828.000000000000	    725.806000000000	    723.676600000000	  13620.000000000000	      0.000000000000	      2.417305111890	      0.381076050729	      0.079123923300	      0.589533826776
723.907300	  140	  55129.000000000000	  23122.000000000000	   8762.000000000000	   2007.000000000000	    726.054000000000	    723.907300000000	  13511.000000000000	      0.000000000000	      2.384266066949	      0.378946457919	      0.086800449788	      0.584335265115
724.124500	  141	  54409.000000000000	  23129.000000000000	   8677.000000000000	   2123.000000000000	    726.278000000000	    724.124500000000	  13369.000000000000	      0.000000000000	      2.352414717454	      0.375156729647	      0.091789528298	      0.578018937265
724.384500	  142	  53802.000000000000	  23146.000000000000	   8622.000000000000	   1952.000000000000	    726.507000000000	    724.384500000000	  13224.000000000000	      0.000000000000	      2.324462110084	      0.372504968461	      0.084334226216	      0.571329819407
724.612300	  143	  53291.000000000000	  23160.000000000000	   8586.000000000000	   1815.000000000000	    726.700000000000	    724.612300000000	  13157.000000000000	      0.000000000000	      2.300993091537	      0.370725388601	      0.078367875648	      0.568091537133
724.873700	  144	  52887.000000000000	  23188.000000000000	   8541.000000000000	   1926.000000000000	    726.971000000000	    724.873700000000	  13088.000000000000	      0.000000000000	      2.280791788856	      0.368337070899	      0.083060203554	      0.564429877523
725.128200	  145	  52505.000000000000	  23197.000000000000	   8502.000000000000	   2124.000000000000	    727.179000000000	    725.128200000000	  12993.000000000000	      0.000000000000	      2.263439237832	      0.366512911152	      0.091563564254	      0.560115532181
725.393800	  146	  52212.000000000000	  23221.000000000000	   8459.000000000000	   2011.000000000000	    727.402000000000	    725.393800000000	  12934.000000000000	      0.000000000000	      2.248481977520	      0.364282330649	      0.086602644158	      0.556995822747
725.639800	  147	  51949.000000000000	  23237.000000000000	   8417.000000000000	   1826.000000000000	    727.593000000000	    725.639800000000	  12879.000000000000	      0.000000000000	      2.235615613031	      0.362224039248	      0.078581572492	      0.554245384516
725.912900	  148	  51781.000000000000	  23257.000000000000	   8426.000000000000	   1867.000000000000	    727.842000000000	    725.912900000000	  12855.000000000000	      0.000000000000	      2.226469450058	      0.362299522724	      0.080276905878	      0.552736810423
726.151600	  149	  51634.000000000000	  23281.000000000000	   8410.000000000000	   2072.000000000000	    728.074000000000	    726.151600000000	  12814.000000000000	      0.000000000000	      2.217860057558	      0.361238778403	      0.088999613419	      0.550405910399
726.409700	  150	  51506.000000000000	  23301.000000000000	   8378.000000000000	   2066.000000000000	    728.295000000000	    726.409700000000	  12799.000000000000	      0.000000000000	      2.210463070254	      0.359555383889	      0.088665722501	      0.549289730055
726.648800	  151	  51391.000000000000	  23323.000000000000	   8378.000000000000	   1885.000000000000	    728.505000000000	    726.648800000000	  12844.000000000000	      0.000000000000	      2.203447240921	      0.359216224328	      0.080821506667	      0.550701024740
726.889600	  152	  51306.000000000000	  23338.000000000000	   8371.000000000000	   1835.000000000000	    728.754000000000	    726.889600000000	  12768.000000000000	      0.000000000000	      2.198388893650	      0.358685405776	      0.078627131717	      0.547090581884
727.116900	  153	  51221.000000000000	  23349.000000000000	   8315.000000000000	   1991.000000000000	    728.984000000000	    727.116900000000	  12768.000000000000	      0.000000000000	      2.193712792839	      0.356118035034	      0.085271317829	      0.546832840807
727.339900	  154	  51179.000000000000	  23372.000000000000	   8313.000000000000	   2099.000000000000	    729.227000000000	    727.339900000000	  12754.000000000000	      0.000000000000	      2.189756974157	      0.355682012665	      0.089808317645	      0.545695704262
727.583400	  155	  51156.000000000000	  23393.000000000000	   8315.000000000000	   1960.000000000000	    729.415000000000	    727.583400000000	  12754.000000000000	      0.000000000000	      2.186808019493	      0.355448211003	      0.083785747873	      0.545205830804
727.788500	  156	  51157.000000000000	  23423.000000000000	   8310.000000000000	   1816.000000000000	    729.639000000000	    727.788500000000	  12776.000000000000	      0.000000000000	      2.184049865517	      0.354779490245	      0.077530632285	      0.545446783076
728.022900	  157	  51168.000000000000	  23458.000000000000	   8279.000000000000	   1896.000000000000	    729.892000000000	    728.022900000000	  12767.000000000000	      0.000000000000	      2.181260124478	      0.352928638418	      0.080825304800	      0.544249296615
728.233200	  158	  51191.000000000000	  23483.000000000000	   8299.000000000000	   2074.000000000000	    730.119000000000	    728.233200000000	  12765.000000000000	      0.000000000000	      2.179917387046	      0.353404590555	      0.088319209641	      0.543584720862
728.462400	  159	  51237.000000000000	  23523.000000000000	   8282.000000000000	   2044.000000000000	    730.319000000000	    728.462400000000	  12837.000000000000	      0.000000000000	      2.178166050249	      0.352080942057	      0.086893678527	      0.545721209029
728.687300	  160	  51258.000000000000	  23543.000000000000	   8279.000000000000	   1856.000000000000	    730.582000000000	    728.687300000000	  12824.000000000000	      0.000000000000	      2.177207662575	      0.351654419573	      0.078834473092	      0.544705432613
728.936100	  161	  51302.000000000000	  23585.000000000000	   8274.000000000000	   1836.000000000000	    730.778000000000	    728.936100000000	  12866.000000000000	      0.000000000000	      2.175196099216	      0.350816196735	      0.077846088616	      0.545516217935
729.173500	  162	  51336.000000000000	  23623.000000000000	   8259.000000000000	   1999.000000000000	    731.007000000000	    729.173500000000	  12872.000000000000	      0.000000000000	      2.173136350167	      0.349616898785	      0.084620920290	      0.544892689328
729.442100	  163	  51421.000000000000	  23661.000000000000	   8271.000000000000	   2079.000000000000	    731.252000000000	    729.442100000000	  12873.000000000000	      0.000000000000	      2.173238662778	      0.349562571320	      0.087866108787	      0.544059845315
729.675900	  164	  51495.000000000000	  23698.000000000000	   8237.000000000000	   1930.000000000000	    731.464000000000	    729.675900000000	  12935.000000000000	      0.000000000000	      2.172968182969	      0.347582074437	      0.081441471854	      0.545826652038
729.952100	  165	  51505.000000000000	  23721.000000000000	   8243.000000000000	   1820.000000000000	    731.691000000000	    729.952100000000	  12970.000000000000	      0.000000000000	      2.171282829560	      0.347497997555	      0.076725264534	      0.546772901648
730.210700	  166	  51582.000000000000	  23768.000000000000	   8274.000000000000	   1913.000000000000	    731.907000000000	    730.210700000000	  13056.000000000000	      0.000000000000	      2.170228879165	      0.348115112757	      0.080486368226	      0.549309996634
730.503400	  167	  51639.000000000000	  23795.000000000000	   8269.000000000000	   2093.000000000000	    732.122000000000	    730.503400000000	  13019.000000000000	      0.000000000000	      2.170161798697	      0.347509981088	      0.087959655390	      0.547131750368
730.767300	  168	  51685.000000000000	  23829.000000000000	   8259.000000000000	   2025.000000000000	    732.359000000000	    730.767300000000	  13100.000000000000	      0.000000000000	      2.168995761467	      0.346594485711	      0.084980485962	      0.549750304251
731.059900	  169	  51739.000000000000	  23867.000000000000	   8255.000000000000	   1821.000000000000	    732.583000000000	    731.059900000000	  13147.000000000000	      0.000000000000	      2.167804918926	      0.345875057611	      0.076297817070	      0.550844261952
731.314300	  170	  51744.000000000000	  23888.000000000000	   8258.000000000000	   1841.000000000000	    732.806000000000	    731.314300000000	  13148.000000000000	      0.000000000000	      2.166108506363	      0.345696584059	      0.077067983925	      0.550401875419
731.595000	  171	  51820.000000000000	  23920.000000000000	   8252.000000000000	   2033.000000000000	    733.013000000000	    731.595000000000	  13210.000000000000	      0.000000000000	      2.166387959866	      0.344983277592	      0.084991638796	      0.552257525084
731.840300	  172	  51916.000000000000	  23957.000000000000	   8269.000000000000	   2075.000000000000	    733.248000000000	    731.840300000000	  13266.000000000000	      0.000000000000	      2.167049296657	      0.345160078474	      0.086613515883	      0.553742121301
732.110200	  173	  52002.000000000000	  23997.000000000000	   8265.000000000000	   1896.000000000000	    733.487000000000	    732.110200000000	  13339.000000000000	      0.000000000000	      2.167020877610	      0.344418052257	      0.079009876235	      0.555861149310
732.350300	  174	  52058.000000000000	  24014.000000000000	   8252.000000000000	   1818.000000000000	    733.689000000000	    732.350300000000	  13335.000000000000	      0.000000000000	      2.167818772383	      0.343632880820	      0.075705838261	      0.555301074373
732.607800	  175	  52169.000000000000	  24053.000000000000	   8262.000000000000	   1957.000000000000	    733.912000000000	    732.607800000000	  13396.000000000000	      0.000000000000	      2.168918638008	      0.343491456367	      0.081361992267	      0.556936764645
732.852000	  176	  52296.000000000000	  24085.000000000000	   8291.000000000000	   2108.000000000000	    734.141000000000	    732.852000000000	  13507.000000000000	      0.000000000000	      2.171309943949	      0.344239153000	      0.087523354785	      0.560805480590
733.103200	  177	  52400.000000000000	  24122.000000000000	   8303.000000000000	   1969.000000000000	    734.314000000000	    733.103200000000	  13494.000000000000	      0.000000000000	      2.172290854821	      0.344208606252	      0.081626730785	      0.559406351049
733.334300	  178	  52507.000000000000	  24159.000000000000	   8285.000000000000	   1806.000000000000	    734.595000000000	    733.334300000000	  13628.000000000000	      0.000000000000	      2.173392938449	      0.342936379817	      0.074754749783	      0.564096196035
733.581900	  179	  52616.000000000000	  24197.000000000000	   8305.000000000000	   1860.000000000000	    734.815000000000	    733.581900000000	  13733.000000000000	      0.000000000000	      2.174484440220	      0.343224366657	      0.076869033351	      0.567549696243
733.799900	  180	  52717.000000000000	  24220.000000000000	   8290.000000000000	   2072.000000000000	    735.028000000000	    733.799900000000	  13765.000000000000	      0.000000000000	      2.176589595376	      0.342279108175	      0.085549132948	      0.568331957060
734.043300	  181	  52781.000000000000	  24241.000000000000	   8305.000000000000	   2068.000000000000	    735.255000000000	    734.043300000000	  13845.000000000000	      0.000000000000	      2.177344168970	      0.342601377831	      0.085310011963	      0.571139804464
734.270500	  182	  52864.000000000000	  24280.000000000000	   8322.000000000000	   1846.000000000000	    735.480000000000	    734.270500000000	  13896.000000000000	      0.000000000000	      2.177265238880	      0.342751235585	      0.076029654036	      0.572322899506
734.511400	  183	  52950.000000000000	  24303.000000000000	   8337.000000000000	   1826.000000000000	    735.707000000000	    734.511400000000	  13995.000000000000	      0.000000000000	      2.178743365017	      0.343044068634	      0.075134757026	      0.575854832737
734.747400	  184	  53015.000000000000	  24319.000000000000	   8283.000000000000	   2019.000000000000	    735.930000000000	    734.747400000000	  14078.000000000000	      0.000000000000	      2.179982729553	      0.340597886426	      0.083021505818	      0.578888934578
734.994800	  185	  53106.000000000000	  24346.000000000000	   8277.000000000000	   2109.000000000000	    736.155000000000	    734.994800000000	  14098.000000000000	      0.000000000000	      2.181302883431	      0.339973712314	      0.086626139818	      0.579068430132
735.238900	  186	  53208.000000000000	  24377.000000000000	   8302.000000000000	   1920.000000000000	    736.368000000000	    735.238900000000	  14203.000000000000	      0.000000000000	      2.182713213275	      0.340566927842	      0.078762768183	      0.582639373180
735.500700	  187	  53312.000000000000	  24406.000000000000	   8324.000000000000	   1796.000000000000	    736.599000000000	    735.500700000000	  14305.000000000000	      0.000000000000	      2.184380889945	      0.341063672867	      0.073588461854	      0.586126362370
735.756000	  188	  53332.000000000000	  24419.000000000000	   8308.000000000000	   1930.000000000000	    736.812000000000	    735.756000000000	  14309.000000000000	      0.000000000000	      2.184037020353	      0.340226872517	      0.079036815594	      0.585978131783
736.044100	  189	  53418.000000000000	  24445.000000000000	   8328.000000000000	   2110.000000000000	    737.037000000000	    736.044100000000	  14427.000000000000	      0.000000000000	      2.185232153815	      0.340683166292	      0.086316220086	      0.590182041317
736.320000	  190	  53516.000000000000	  24472.000000000000	   8309.000000000000	   2001.000000000000	    737.262000000000	    736.320000000000	  14527.000000000000	      0.000000000000	      2.186825760052	      0.339530892449	      0.081766917293	      0.593617195162
736.615900	  191	  53572.000000000000	  24494.000000000000	   8306.000000000000	   1819.000000000000	    737.502000000000	    736.615900000000	  14574.000000000000	      0.000000000000	      2.187147872948	      0.339103453907	      0.074263084837	      0.595002857843
736.877500	  192	  53623.000000000000	  24505.000000000000	   8309.000000000000	   1857.000000000000	    737.717000000000	    736.877500000000	  14658.000000000000	      0.000000000000	      2.188247296470	      0.339073658437	      0.075780452969	      0.598163640073
737.168800	  193	  53690.000000000000	  24527.000000000000	   8330.000000000000	   2061.000000000000	    737.934000000000	    737.168800000000	  14742.000000000000	      0.000000000000	      2.189016186244	      0.339625718596	      0.084029844661	      0.601051901986
737.419500	  194	  53811.000000000000	  24557.000000000000	   8308.000000000000	   2072.000000000000	    738.145000000000	    737.419500000000	  14885.000000000000	      0.000000000000	      2.191269291852	      0.338314940750	      0.084375127255	      0.606140815246
737.692500	  195	  53857.000000000000	  24566.000000000000	   8308.000000000000	   1874.000000000000	    738.376000000000	    737.692500000000	  14885.000000000000	      0.000000000000	      2.192339005129	      0.338190995685	      0.076284295368	      0.605918749491
737.934500	  196	  53951.000000000000	  24591.000000000000	   8320.000000000000	   1801.000000000000	    738.603000000000	    737.934500000000	  15008.000000000000	      0.000000000000	      2.193932739620	      0.338335163271	      0.073238176569	      0.610304582978
738.190800	  197	  54005.000000000000	  24607.000000000000	   8303.000000000000	   1978.000000000000	    738.827000000000	    738.190800000000	  15080.000000000000	      0.000000000000	      2.194700694924	      0.337424310156	      0.080383630674	      0.612833746495
738.419500	  198	  54064.000000000000	  24624.000000000000	   8318.000000000000	   2108.000000000000	    739.042000000000	    738.419500000000	  15171.000000000000	      0.000000000000	      2.195581546459	      0.337800519818	      0.085607537362	      0.616106237817
738.651800	  199	  54067.000000000000	  24627.000000000000	   8297.000000000000	   1951.000000000000	    739.269000000000	    738.651800000000	  15196.000000000000	      0.000000000000	      2.195435903683	      0.336906647176	      0.079221992122	      0.617046331262
