 &SRS
 SRSRUN=236464,SRSDAT=2021124,SRSTIM=25111,
 SRSSTN='Bran',SRSPRJ='I06-1   ',SRSEXP='Emulator',
 SRSTLE='                                                            ',
 SRSCN1='        ',SRSCN2='        ',SRSCN3='        ',
<MetaDataAtStart>
command=scan fastEnergy 0.0 199.0 1.0 fesData 0 1
date='Wed Feb 24 14:51:10 2021'
beamenergy=3.00092942727
ringcurrent=301.621872813
iddgap=36.38535
iddtrp=-22.426
iddbrp=-22.426
idugap=100.0
idutrp=0.0
idubrp=0.0
pugap=155.004
pgmpitch=88.2676226748
pgmgratpitch=87.5559801511
cff=2.25
grating=400
pgmenergy=694.7855
denergy=694.786
uenergy=694.786
s1xgap=1.497
s1ygap=1.496
m1x=-5.0
m1pitch=-8509.0
m1qg=0.1035
m6x=3.0
m6yaw=-247.0
m6pitch=-10910.0
m6qg=0.0339
m7x=-1.4
m7pitch=6949.0
m7qg=14.5392
d9y=-16.000026
d10y=6.003
d11y=2.9
s6x=1.5147
s6xgap=1499.9
s6y=8.4887
s6ygap=20.068
iamp12_gain=10^7 V/A
magx=0.0
magy=0.0
magz=6.0
scmx=0.0
scmy=-4.0
scmth=3e-05
Tsample_mag=1.9
amp_scm_gain=5.0
amp_XABS_gain=6.0
amp_DDIFF_gain=5.0
m7y=-19.1
</MetaDataAtStart>
 &END
fastEnergy	pIndex	C1	C2	C3	C4	iddenergy	pgmenergy	C5	C6	idio	ifio	ifioft	ifiofb
694.909700	    0	  36698.000000000000	  21796.000000000000	   4549.000000000000	   1828.000000000000	    695.618000000000	    694.909700000000	   5562.000000000000	      0.000000000000	      1.683703431822	      0.208708019820	      0.083868599743	      0.255184437511
695.108300	    1	  37128.000000000000	  22006.000000000000	   4560.000000000000	   1832.000000000000	    695.618000000000	    695.108300000000	   5592.000000000000	      0.000000000000	      1.687176224666	      0.207216213760	      0.083250022721	      0.254112514769
695.327700	    2	  37436.000000000000	  22153.000000000000	   4571.000000000000	   2008.000000000000	    695.707000000000	    695.327700000000	   5609.000000000000	      0.000000000000	      1.689883988625	      0.206337742067	      0.090642350923	      0.253193698370
695.512400	    3	  37451.000000000000	  22164.000000000000	   4568.000000000000	   2065.000000000000	    695.922000000000	    695.512400000000	   5593.000000000000	      0.000000000000	      1.689722071828	      0.206099981953	      0.093169103050	      0.252346146905
695.735600	    4	  37476.000000000000	  22189.000000000000	   4581.000000000000	   1901.000000000000	    696.131000000000	    695.735600000000	   5591.000000000000	      0.000000000000	      1.688944972734	      0.206453648204	      0.085673081256	      0.251971697688
695.915000	    5	  37495.000000000000	  22204.000000000000	   4562.000000000000	   1813.000000000000	    696.344000000000	    695.915000000000	   5606.000000000000	      0.000000000000	      1.688659700955	      0.205458475950	      0.081651954603	      0.252477031166
696.122800	    6	  37537.000000000000	  22222.000000000000	   4583.000000000000	   1925.000000000000	    696.563000000000	    696.122800000000	   5600.000000000000	      0.000000000000	      1.689181891819	      0.206237062371	      0.086625866259	      0.252002520025
696.311000	    7	  37582.000000000000	  22241.000000000000	   4595.000000000000	   2096.000000000000	    696.782000000000	    696.311000000000	   5601.000000000000	      0.000000000000	      1.689762150982	      0.206600422643	      0.094240366890	      0.251832201789
696.520500	    8	  37597.000000000000	  22253.000000000000	   4583.000000000000	   1996.000000000000	    697.011000000000	    696.520500000000	   5600.000000000000	      0.000000000000	      1.689525007864	      0.205949759583	      0.089695771357	      0.251651462724
696.715000	    9	  37621.000000000000	  22264.000000000000	   4590.000000000000	   1825.000000000000	    697.240000000000	    696.715000000000	   5594.000000000000	      0.000000000000	      1.689768235717	      0.206162414660	      0.081970894718	      0.251257635645
696.920700	   10	  37583.000000000000	  22251.000000000000	   4607.000000000000	   1848.000000000000	    697.458000000000	    696.920700000000	   5581.000000000000	      0.000000000000	      1.689047683250	      0.207046874298	      0.083052447081	      0.250820187857
697.115900	   11	  37589.000000000000	  22260.000000000000	   4606.000000000000	   2040.000000000000	    697.673000000000	    697.115900000000	   5599.000000000000	      0.000000000000	      1.688634321653	      0.206918238994	      0.091644204852	      0.251527403414
697.335500	   12	  37597.000000000000	  22268.000000000000	   4627.000000000000	   2071.000000000000	    697.904000000000	    697.335500000000	   5583.000000000000	      0.000000000000	      1.688386922939	      0.207786958865	      0.093003412969	      0.250718519849
697.540600	   13	  37603.000000000000	  22270.000000000000	   4603.000000000000	   1879.000000000000	    698.135000000000	    697.540600000000	   5565.000000000000	      0.000000000000	      1.688504714863	      0.206690615177	      0.084373596767	      0.249887741356
697.785300	   14	  37621.000000000000	  22279.000000000000	   4604.000000000000	   1813.000000000000	    698.348000000000	    697.785300000000	   5571.000000000000	      0.000000000000	      1.688630548947	      0.206652004129	      0.081377081557	      0.250056106648
698.005400	   15	  37624.000000000000	  22289.000000000000	   4607.000000000000	   1975.000000000000	    698.569000000000	    698.005400000000	   5560.000000000000	      0.000000000000	      1.688007537350	      0.206693884876	      0.088608730764	      0.249450401543
698.241300	   16	  37601.000000000000	  22286.000000000000	   4583.000000000000	   2096.000000000000	    698.801000000000	    698.241300000000	   5577.000000000000	      0.000000000000	      1.687202728170	      0.205644799426	      0.094050076281	      0.250246791708
698.461100	   17	  37611.000000000000	  22291.000000000000	   4599.000000000000	   1973.000000000000	    699.024000000000	    698.461100000000	   5584.000000000000	      0.000000000000	      1.687272890404	      0.206316450585	      0.088511058275	      0.250504687991
698.706000	   18	  37642.000000000000	  22308.000000000000	   4593.000000000000	   1804.000000000000	    699.247000000000	    698.706000000000	   5601.000000000000	      0.000000000000	      1.687376725838	      0.205890263583	      0.080867850099	      0.251075847230
698.915900	   19	  37668.000000000000	  22316.000000000000	   4604.000000000000	   1882.000000000000	    699.464000000000	    698.915900000000	   5582.000000000000	      0.000000000000	      1.687936906256	      0.206309374440	      0.084334110056	      0.250134432694
699.149400	   20	  37654.000000000000	  22311.000000000000	   4628.000000000000	   2071.000000000000	    699.682000000000	    699.149400000000	   5578.000000000000	      0.000000000000	      1.687687687688	      0.207431311909	      0.092824167451	      0.250011205235
699.353000	   21	  37673.000000000000	  22317.000000000000	   4625.000000000000	   2050.000000000000	    699.923000000000	    699.353000000000	   5594.000000000000	      0.000000000000	      1.688085316127	      0.207241116638	      0.091858224672	      0.250660931129
699.579200	   22	  37707.000000000000	  22331.000000000000	   4635.000000000000	   1869.000000000000	    700.152000000000	    699.579200000000	   5581.000000000000	      0.000000000000	      1.688549549953	      0.207558998701	      0.083695311450	      0.249921633604
699.780500	   23	  37676.000000000000	  22312.000000000000	   4614.000000000000	   1814.000000000000	    700.372000000000	    699.780500000000	   5583.000000000000	      0.000000000000	      1.688598063822	      0.206794550018	      0.081301541771	      0.250224094658
700.013500	   24	  37696.000000000000	  22324.000000000000	   4613.000000000000	   2008.000000000000	    700.597000000000	    700.013500000000	   5586.000000000000	      0.000000000000	      1.688586274861	      0.206638595234	      0.089948037986	      0.250223974198
700.231900	   25	  37724.000000000000	  22345.000000000000	   4641.000000000000	   2096.000000000000	    700.818000000000	    700.231900000000	   5603.000000000000	      0.000000000000	      1.688252405460	      0.207697471470	      0.093801745357	      0.250749608414
700.431500	   26	  37741.000000000000	  22353.000000000000	   4630.000000000000	   1936.000000000000	    701.038000000000	    700.431500000000	   5619.000000000000	      0.000000000000	      1.688408714714	      0.207131033866	      0.086610298394	      0.251375654275
700.628700	   27	  37764.000000000000	  22362.000000000000	   4640.000000000000	   1805.000000000000	    701.263000000000	    700.628700000000	   5603.000000000000	      0.000000000000	      1.688757713979	      0.207494857347	      0.080717288257	      0.250558983991
700.822900	   28	  37779.000000000000	  22366.000000000000	   4641.000000000000	   1916.000000000000	    701.496000000000	    700.822900000000	   5632.000000000000	      0.000000000000	      1.689126352499	      0.207502459090	      0.085665742645	      0.251810784226
701.023400	   29	  37804.000000000000	  22373.000000000000	   4662.000000000000	   2110.000000000000	    701.718000000000	    701.023400000000	   5617.000000000000	      0.000000000000	      1.689715281813	      0.208376167702	      0.094310105931	      0.251061547401
701.214300	   30	  37832.000000000000	  22379.000000000000	   4658.000000000000	   2004.000000000000	    701.943000000000	    701.214300000000	   5651.000000000000	      0.000000000000	      1.690513427767	      0.208141561285	      0.089548237187	      0.252513517137
701.404800	   31	  37877.000000000000	  22386.000000000000	   4654.000000000000	   1819.000000000000	    702.164000000000	    701.404800000000	   5653.000000000000	      0.000000000000	      1.691994996873	      0.207897793264	      0.081256142232	      0.252523898865
701.587600	   32	  37908.000000000000	  22396.000000000000	   4657.000000000000	   1852.000000000000	    702.386000000000	    701.587600000000	   5653.000000000000	      0.000000000000	      1.692623682801	      0.207938917664	      0.082693338096	      0.252411144847
701.791600	   33	  37911.000000000000	  22397.000000000000	   4688.000000000000	   2059.000000000000	    702.611000000000	    701.791600000000	   5689.000000000000	      0.000000000000	      1.692682055632	      0.209313747377	      0.091931955173	      0.254007233112
701.969600	   34	  37917.000000000000	  22400.000000000000	   4706.000000000000	   2070.000000000000	    702.845000000000	    701.969600000000	   5709.000000000000	      0.000000000000	      1.692723214286	      0.210089285714	      0.092410714286	      0.254866071429
702.187200	   35	  37940.000000000000	  22407.000000000000	   4701.000000000000	   1872.000000000000	    703.062000000000	    702.187200000000	   5739.000000000000	      0.000000000000	      1.693220868479	      0.209800508770	      0.083545320659	      0.256125317981
702.390000	   36	  37966.000000000000	  22408.000000000000	   4724.000000000000	   1814.000000000000	    703.282000000000	    702.390000000000	   5784.000000000000	      0.000000000000	      1.694305605141	      0.210817565155	      0.080953230989	      0.258122099250
702.606800	   37	  37980.000000000000	  22406.000000000000	   4717.000000000000	   1988.000000000000	    703.503000000000	    702.606800000000	   5811.000000000000	      0.000000000000	      1.695081674551	      0.210523966795	      0.088726234044	      0.259350174061
702.817500	   38	  38014.000000000000	  22406.000000000000	   4711.000000000000	   2108.000000000000	    703.739000000000	    702.817500000000	   5857.000000000000	      0.000000000000	      1.696599125234	      0.210256181380	      0.094081942337	      0.261403195573
703.054100	   39	  38040.000000000000	  22401.000000000000	   4753.000000000000	   1944.000000000000	    703.968000000000	    703.054100000000	   5892.000000000000	      0.000000000000	      1.698138475961	      0.212178027767	      0.086781840096	      0.263023972144
703.274900	   40	  38116.000000000000	  22412.000000000000	   4742.000000000000	   1794.000000000000	    704.194000000000	    703.274900000000	   5966.000000000000	      0.000000000000	      1.700696055684	      0.211583080493	      0.080046403712	      0.266196680350
703.516000	   41	  38183.000000000000	  22416.000000000000	   4764.000000000000	   1894.000000000000	    704.413000000000	    703.516000000000	   6047.000000000000	      0.000000000000	      1.703381513205	      0.212526766595	      0.084493219129	      0.269762669522
703.740700	   42	  38257.000000000000	  22419.000000000000	   4803.000000000000	   2088.000000000000	    704.635000000000	    703.740700000000	   6135.000000000000	      0.000000000000	      1.706454346759	      0.214237923190	      0.093135287033	      0.273651813194
704.001700	   43	  38353.000000000000	  22428.000000000000	   4804.000000000000	   2028.000000000000	    704.858000000000	    704.001700000000	   6230.000000000000	      0.000000000000	      1.710049937578	      0.214196540039	      0.090422685928	      0.277777777778
704.216900	   44	  38473.000000000000	  22434.000000000000	   4842.000000000000	   1824.000000000000	    705.080000000000	    704.216900000000	   6346.000000000000	      0.000000000000	      1.714941606490	      0.215833110457	      0.081305161808	      0.282874208790
704.463700	   45	  38611.000000000000	  22434.000000000000	   4868.000000000000	   1851.000000000000	    705.313000000000	    704.463700000000	   6539.000000000000	      0.000000000000	      1.721092983864	      0.216992065615	      0.082508692164	      0.291477222074
704.678200	   46	  38808.000000000000	  22440.000000000000	   4926.000000000000	   2038.000000000000	    705.543000000000	    704.678200000000	   6731.000000000000	      0.000000000000	      1.729411764706	      0.219518716578	      0.090819964349	      0.299955436720
704.916100	   47	  39059.000000000000	  22441.000000000000	   4992.000000000000	   2074.000000000000	    705.757000000000	    704.916100000000	   7021.000000000000	      0.000000000000	      1.740519584689	      0.222449979947	      0.092420123880	      0.312864845595
705.115800	   48	  39429.000000000000	  22451.000000000000	   5057.000000000000	   1881.000000000000	    705.980000000000	    705.115800000000	   7364.000000000000	      0.000000000000	      1.756224667053	      0.225246091488	      0.083782459579	      0.328003206984
705.348800	   49	  40111.000000000000	  22457.000000000000	   5215.000000000000	   1800.000000000000	    706.193000000000	    705.348800000000	   7878.000000000000	      0.000000000000	      1.786124593668	      0.232221579018	      0.080153181636	      0.350803758294
705.538400	   50	  41385.000000000000	  22466.000000000000	   5393.000000000000	   1953.000000000000	    706.423000000000	    705.538400000000	   8663.000000000000	      0.000000000000	      1.842116976765	      0.240051633580	      0.086931362948	      0.385604914092
705.745200	   51	  43226.000000000000	  22462.000000000000	   5745.000000000000	   2108.000000000000	    706.651000000000	    705.745200000000	   9974.000000000000	      0.000000000000	      1.924405662897	      0.255765292494	      0.093847386698	      0.444038821120
705.927800	   52	  47057.000000000000	  22465.000000000000	   6513.000000000000	   1975.000000000000	    706.875000000000	    705.927800000000	  12115.000000000000	      0.000000000000	      2.094680614289	      0.289917649677	      0.087914533719	      0.539283329624
706.138000	   53	  53902.000000000000	  22479.000000000000	   7631.000000000000	   1806.000000000000	    707.100000000000	    706.138000000000	  14725.000000000000	      0.000000000000	      2.397882468081	      0.339472396459	      0.080341652209	      0.655055829886
706.317100	   54	  60612.000000000000	  22478.000000000000	   8591.000000000000	   1884.000000000000	    707.328000000000	    706.317100000000	  16749.000000000000	      0.000000000000	      2.696503247620	      0.382195924904	      0.083815286057	      0.745128570157
706.515500	   55	  66715.000000000000	  22469.000000000000	   9326.000000000000	   2075.000000000000	    707.560000000000	    706.515500000000	  17996.000000000000	      0.000000000000	      2.969202011661	      0.415060750367	      0.092349459255	      0.800925719881
706.695400	   56	  72445.000000000000	  22469.000000000000	   9849.000000000000	   2053.000000000000	    707.777000000000	    706.695400000000	  18650.000000000000	      0.000000000000	      3.224220036495	      0.438337264676	      0.091370332458	      0.830032489207
706.902900	   57	  78252.000000000000	  22461.000000000000	  10172.000000000000	   1857.000000000000	    708.005000000000	    706.902900000000	  18787.000000000000	      0.000000000000	      3.483905436089	      0.452873870264	      0.082676639508	      0.836427585593
707.081900	   58	  83544.000000000000	  22461.000000000000	  10395.000000000000	   1829.000000000000	    708.231000000000	    707.081900000000	  18602.000000000000	      0.000000000000	      3.719513823962	      0.462802190463	      0.081430034282	      0.828191086773
707.283300	   59	  86933.000000000000	  22444.000000000000	  10514.000000000000	   2028.000000000000	    708.453000000000	    707.283300000000	  18030.000000000000	      0.000000000000	      3.873329174835	      0.468454820888	      0.090358224915	      0.803332739262
707.490200	   60	  89240.000000000000	  22444.000000000000	  10488.000000000000	   2104.000000000000	    708.668000000000	    707.490200000000	  17313.000000000000	      0.000000000000	      3.976118338977	      0.467296382107	      0.093744430583	      0.771386562110
707.700700	   61	  91552.000000000000	  22461.000000000000	  10434.000000000000	   1916.000000000000	    708.900000000000	    707.700700000000	  16559.000000000000	      0.000000000000	      4.076042918837	      0.464538533458	      0.085303414808	      0.737233426829
707.917200	   62	  90505.000000000000	  22467.000000000000	  10365.000000000000	   1828.000000000000	    709.126000000000	    707.917200000000	  15877.000000000000	      0.000000000000	      4.028352695064	      0.461343303512	      0.081363777985	      0.706680909779
708.148900	   63	  86888.000000000000	  22476.000000000000	  10309.000000000000	   1932.000000000000	    709.354000000000	    708.148900000000	  15767.000000000000	      0.000000000000	      3.865812422139	      0.458667022602	      0.085958355579	      0.701503826304
708.364000	   64	  86054.000000000000	  22472.000000000000	  10305.000000000000	   2074.000000000000	    709.578000000000	    708.364000000000	  15811.000000000000	      0.000000000000	      3.829387682449	      0.458570665717	      0.092292630829	      0.703586685653
708.597100	   65	  88467.000000000000	  22480.000000000000	  10399.000000000000	   2002.000000000000	    709.797000000000	    708.597100000000	  15944.000000000000	      0.000000000000	      3.935364768683	      0.462588967972	      0.089056939502	      0.709252669039
708.801500	   66	  92816.000000000000	  22478.000000000000	  10429.000000000000	   1857.000000000000	    710.017000000000	    708.801500000000	  15990.000000000000	      0.000000000000	      4.129192988700	      0.463964765549	      0.082614111576	      0.711362220838
709.039600	   67	  96995.000000000000	  22481.000000000000	  10417.000000000000	   1864.000000000000	    710.231000000000	    709.039600000000	  15879.000000000000	      0.000000000000	      4.314532271696	      0.463369067212	      0.082914461100	      0.706329789600
709.239000	   68	  98598.000000000000	  22479.000000000000	  10305.000000000000	   2025.000000000000	    710.463000000000	    709.239000000000	  15551.000000000000	      0.000000000000	      4.386227145336	      0.458427866008	      0.090084078473	      0.691801236710
709.472100	   69	  96974.000000000000	  22481.000000000000	  10147.000000000000	   2079.000000000000	    710.705000000000	    709.472100000000	  15034.000000000000	      0.000000000000	      4.313598149549	      0.451358925315	      0.092478092612	      0.668742493661
709.669700	   70	  91990.000000000000	  22470.000000000000	   9874.000000000000	   1907.000000000000	    710.914000000000	    709.669700000000	  14315.000000000000	      0.000000000000	      4.093902981753	      0.439430351580	      0.084868713841	      0.637071651090
709.886900	   71	  85419.000000000000	  22475.000000000000	   9581.000000000000	   1809.000000000000	    711.142000000000	    709.886900000000	  13649.000000000000	      0.000000000000	      3.800622914349	      0.426295884316	      0.080489432703	      0.607296996663
710.070000	   72	  79650.000000000000	  22467.000000000000	   9324.000000000000	   1963.000000000000	    711.362000000000	    710.070000000000	  13056.000000000000	      0.000000000000	      3.545199626118	      0.415008679396	      0.087372590911	      0.581118974496
710.283700	   73	  74959.000000000000	  22452.000000000000	   9110.000000000000	   2116.000000000000	    711.590000000000	    710.283700000000	  12546.000000000000	      0.000000000000	      3.338633529307	      0.405754498486	      0.094245501514	      0.558792089792
710.470700	   74	  71413.000000000000	  22451.000000000000	   8966.000000000000	   1978.000000000000	    711.810000000000	    710.470700000000	  12137.000000000000	      0.000000000000	      3.180838270010	      0.399358603180	      0.088102979823	      0.540599527861
710.663600	   75	  68608.000000000000	  22453.000000000000	   8822.000000000000	   1808.000000000000	    712.034000000000	    710.663600000000	  11821.000000000000	      0.000000000000	      3.055627310382	      0.392909633457	      0.080523760745	      0.526477530842
710.841400	   76	  66195.000000000000	  22429.000000000000	   8706.000000000000	   1857.000000000000	    712.254000000000	    710.841400000000	  11544.000000000000	      0.000000000000	      2.951313032235	      0.388158188060	      0.082794596282	      0.514690802087
711.028200	   77	  64224.000000000000	  22419.000000000000	   8617.000000000000	   2071.000000000000	    712.474000000000	    711.028200000000	  11374.000000000000	      0.000000000000	      2.864712966680	      0.384361479103	      0.092377001650	      0.507337526205
711.205000	   78	  62723.000000000000	  22412.000000000000	   8490.000000000000	   2059.000000000000	    712.714000000000	    711.205000000000	  11141.000000000000	      0.000000000000	      2.798634660004	      0.378814920578	      0.091870426557	      0.497099767981
711.388900	   79	  61349.000000000000	  22395.000000000000	   8416.000000000000	   1859.000000000000	    712.938000000000	    711.388900000000	  11012.000000000000	      0.000000000000	      2.739406117437	      0.375798169234	      0.083009600357	      0.491716901094
711.548500	   80	  60212.000000000000	  22376.000000000000	   8343.000000000000	   1810.000000000000	    713.158000000000	    711.548500000000	  10863.000000000000	      0.000000000000	      2.690918841616	      0.372854844476	      0.080890239542	      0.485475509474
711.729400	   81	  59149.000000000000	  22350.000000000000	   8247.000000000000	   2005.000000000000	    713.376000000000	    711.729400000000	  10687.000000000000	      0.000000000000	      2.646487695749	      0.368993288591	      0.089709172260	      0.478165548098
711.900300	   82	  58302.000000000000	  22367.000000000000	   8191.000000000000	   2104.000000000000	    713.596000000000	    711.900300000000	  10535.000000000000	      0.000000000000	      2.606607949211	      0.366209147405	      0.094067152501	      0.471006393347
712.082900	   83	  57490.000000000000	  22351.000000000000	   8071.000000000000	   1917.000000000000	    713.832000000000	    712.082900000000	  10408.000000000000	      0.000000000000	      2.572144423068	      0.361102411525	      0.085767974587	      0.465661491656
712.246000	   84	  56756.000000000000	  22343.000000000000	   8023.000000000000	   1794.000000000000	    714.060000000000	    712.246000000000	  10290.000000000000	      0.000000000000	      2.540213937251	      0.359083381820	      0.080293604261	      0.460546927449
712.428200	   85	  56051.000000000000	  22322.000000000000	   7957.000000000000	   1909.000000000000	    714.280000000000	    712.428200000000	  10105.000000000000	      0.000000000000	      2.511020517875	      0.356464474509	      0.085521010662	      0.452692411074
712.607400	   86	  55422.000000000000	  22322.000000000000	   7917.000000000000	   2087.000000000000	    714.511000000000	    712.607400000000	   9981.000000000000	      0.000000000000	      2.482842039244	      0.354672520383	      0.093495206523	      0.447137353284
712.813600	   87	  54794.000000000000	  22317.000000000000	   7821.000000000000	   2020.000000000000	    714.757000000000	    712.813600000000	   9884.000000000000	      0.000000000000	      2.455258323251	      0.350450329345	      0.090513957969	      0.442891069588
712.988800	   88	  54170.000000000000	  22298.000000000000	   7770.000000000000	   1821.000000000000	    714.963000000000	    712.988800000000	   9762.000000000000	      0.000000000000	      2.429365862409	      0.348461745448	      0.081666517176	      0.437797111849
713.194700	   89	  53576.000000000000	  22280.000000000000	   7698.000000000000	   1823.000000000000	    715.165000000000	    713.194700000000	   9658.000000000000	      0.000000000000	      2.404667863555	      0.345511669659	      0.081822262118	      0.433482944345
713.403400	   90	  53029.000000000000	  22259.000000000000	   7688.000000000000	   2034.000000000000	    715.405000000000	    713.403400000000	   9577.000000000000	      0.000000000000	      2.382362190575	      0.345388382227	      0.091378768139	      0.430252931399
713.620200	   91	  52552.000000000000	  22258.000000000000	   7643.000000000000	   2091.000000000000	    715.617000000000	    713.620200000000	   9497.000000000000	      0.000000000000	      2.361038727648	      0.343382154731	      0.093943750562	      0.426678048342
713.832300	   92	  52050.000000000000	  22242.000000000000	   7612.000000000000	   1884.000000000000	    715.862000000000	    713.832300000000	   9409.000000000000	      0.000000000000	      2.340167251146	      0.342235410485	      0.084704612895	      0.423028504631
714.050900	   93	  51627.000000000000	  22237.000000000000	   7576.000000000000	   1788.000000000000	    716.063000000000	    714.050900000000	   9322.000000000000	      0.000000000000	      2.321671088726	      0.340693438863	      0.080406529658	      0.419211224536
714.276000	   94	  51199.000000000000	  22221.000000000000	   7536.000000000000	   1955.000000000000	    716.271000000000	    714.276000000000	   9281.000000000000	      0.000000000000	      2.304081724495	      0.339138652626	      0.087979838891	      0.417667971738
714.493900	   95	  50806.000000000000	  22216.000000000000	   7499.000000000000	   2104.000000000000	    716.506000000000	    714.493900000000	   9151.000000000000	      0.000000000000	      2.286910334894	      0.337549513864	      0.094706517825	      0.411910334894
714.727800	   96	  50399.000000000000	  22194.000000000000	   7436.000000000000	   1961.000000000000	    716.763000000000	    714.727800000000	   9052.000000000000	      0.000000000000	      2.270838965486	      0.335045507795	      0.088357213661	      0.407857979634
714.930500	   97	  50036.000000000000	  22171.000000000000	   7399.000000000000	   1799.000000000000	    716.975000000000	    714.930500000000	   8987.000000000000	      0.000000000000	      2.256821974652	      0.333724234360	      0.081142032385	      0.405349330206
715.158300	   98	  49829.000000000000	  22187.000000000000	   7346.000000000000	   1882.000000000000	    717.213000000000	    715.158300000000	   8907.000000000000	      0.000000000000	      2.245864695542	      0.331094785235	      0.084824446748	      0.401451300311
715.357500	   99	  49551.000000000000	  22181.000000000000	   7320.000000000000	   2072.000000000000	    717.411000000000	    715.357500000000	   8818.000000000000	      0.000000000000	      2.233938956765	      0.330012172580	      0.093413281637	      0.397547450521
715.578100	  100	  49333.000000000000	  22185.000000000000	   7306.000000000000	   2039.000000000000	    717.641000000000	    715.578100000000	   8724.000000000000	      0.000000000000	      2.223709713771	      0.329321613703	      0.091908947487	      0.393238674780
715.775900	  101	  49086.000000000000	  22177.000000000000	   7273.000000000000	   1851.000000000000	    717.896000000000	    715.775900000000	   8645.000000000000	      0.000000000000	      2.213374216531	      0.327952383100	      0.083464850972	      0.389818280200
715.985000	  102	  48906.000000000000	  22183.000000000000	   7263.000000000000	   1807.000000000000	    718.112000000000	    715.985000000000	   8579.000000000000	      0.000000000000	      2.204661227066	      0.327412883740	      0.081458774737	      0.386737591850
716.163300	  103	  48662.000000000000	  22165.000000000000	   7246.000000000000	   2001.000000000000	    718.335000000000	    716.163300000000	   8504.000000000000	      0.000000000000	      2.195443266411	      0.326911797880	      0.090277464471	      0.383667944958
716.364200	  104	  48486.000000000000	  22171.000000000000	   7212.000000000000	   2103.000000000000	    718.541000000000	    716.364200000000	   8438.000000000000	      0.000000000000	      2.186910829462	      0.325289792973	      0.094853637635	      0.380587253620
716.546900	  105	  48285.000000000000	  22165.000000000000	   7225.000000000000	   1913.000000000000	    718.802000000000	    716.546900000000	   8412.000000000000	      0.000000000000	      2.178434468757	      0.325964358222	      0.086307241146	      0.379517256937
716.738300	  106	  48132.000000000000	  22167.000000000000	   7234.000000000000	   1800.000000000000	    718.990000000000	    716.738300000000	   8294.000000000000	      0.000000000000	      2.171335769387	      0.326340957279	      0.081201786439	      0.374159787071
716.917000	  107	  47978.000000000000	  22162.000000000000	   7242.000000000000	   1914.000000000000	    719.241000000000	    716.917000000000	   8241.000000000000	      0.000000000000	      2.164876816172	      0.326775561772	      0.086364046566	      0.371852720874
717.112900	  108	  47822.000000000000	  22151.000000000000	   7227.000000000000	   2088.000000000000	    719.441000000000	    717.112900000000	   8210.000000000000	      0.000000000000	      2.158909304320	      0.326260665433	      0.094262110063	      0.370637894452
717.286400	  109	  47774.000000000000	  22150.000000000000	   7256.000000000000	   2009.000000000000	    719.675000000000	    717.286400000000	   8196.000000000000	      0.000000000000	      2.156839729120	      0.327584650113	      0.090699774266	      0.370022573363
717.485700	  110	  47755.000000000000	  22146.000000000000	   7277.000000000000	   1829.000000000000	    719.873000000000	    717.485700000000	   8170.000000000000	      0.000000000000	      2.156371353743	      0.328592070803	      0.082588277793	      0.368915379753
717.652900	  111	  47849.000000000000	  22160.000000000000	   7372.000000000000	   1864.000000000000	    720.081000000000	    717.652900000000	   8209.000000000000	      0.000000000000	      2.159250902527	      0.332671480144	      0.084115523466	      0.370442238267
717.863700	  112	  48026.000000000000	  22155.000000000000	   7454.000000000000	   2011.000000000000	    720.336000000000	    717.863700000000	   8305.000000000000	      0.000000000000	      2.167727375310	      0.336447754457	      0.090769577973	      0.374858948319
718.052100	  113	  48446.000000000000	  22150.000000000000	   7593.000000000000	   2063.000000000000	    720.573000000000	    718.052100000000	   8487.000000000000	      0.000000000000	      2.187178329571	      0.342799097065	      0.093137697517	      0.383160270880
718.255600	  114	  49197.000000000000	  22149.000000000000	   7830.000000000000	   1922.000000000000	    720.777000000000	    718.255600000000	   8776.000000000000	      0.000000000000	      2.221183800623	      0.353514831369	      0.086775926678	      0.396225563231
718.457600	  115	  50558.000000000000	  22150.000000000000	   8189.000000000000	   1822.000000000000	    721.016000000000	    718.457600000000	   9347.000000000000	      0.000000000000	      2.282528216704	      0.369706546275	      0.082257336343	      0.421986455982
718.687600	  116	  52901.000000000000	  22161.000000000000	   8740.000000000000	   1920.000000000000	    721.232000000000	    718.687600000000	  10359.000000000000	      0.000000000000	      2.387121519787	      0.394386534904	      0.086638689590	      0.467442804928
718.896300	  117	  56032.000000000000	  22168.000000000000	   9405.000000000000	   2111.000000000000	    721.480000000000	    718.896300000000	  11637.000000000000	      0.000000000000	      2.527607361963	      0.424260194875	      0.095227354746	      0.524945867918
719.135800	  118	  59172.000000000000	  22179.000000000000	  10002.000000000000	   2014.000000000000	    721.686000000000	    719.135800000000	  13112.000000000000	      0.000000000000	      2.667929122143	      0.450967131070	      0.090806618874	      0.591189864286
719.348600	  119	  61799.000000000000	  22185.000000000000	  10516.000000000000	   1814.000000000000	    721.916000000000	    719.348600000000	  14467.000000000000	      0.000000000000	      2.785620915033	      0.474013973405	      0.081766959657	      0.652107279693
719.586700	  120	  63710.000000000000	  22192.000000000000	  10822.000000000000	   1850.000000000000	    722.170000000000	    719.586700000000	  15586.000000000000	      0.000000000000	      2.870854361932	      0.487653208363	      0.083363374189	      0.702325162221
719.805100	  121	  65033.000000000000	  22189.000000000000	  11001.000000000000	   2056.000000000000	    722.362000000000	    719.805100000000	  16395.000000000000	      0.000000000000	      2.930866645635	      0.495786200370	      0.092658524494	      0.738879625039
720.058700	  122	  66159.000000000000	  22204.000000000000	  11090.000000000000	   2077.000000000000	    722.566000000000	    720.058700000000	  16995.000000000000	      0.000000000000	      2.979598270582	      0.499459556837	      0.093541704197	      0.765402630157
720.307100	  123	  67141.000000000000	  22227.000000000000	  11127.000000000000	   1879.000000000000	    722.768000000000	    720.307100000000	  17342.000000000000	      0.000000000000	      3.020695550457	      0.500607369416	      0.084536824583	      0.780222252216
720.537800	  124	  67742.000000000000	  22233.000000000000	  11052.000000000000	   1823.000000000000	    723.015000000000	    720.537800000000	  17436.000000000000	      0.000000000000	      3.046912247560	      0.497098907030	      0.081995232312	      0.784239643773
720.759000	  125	  68199.000000000000	  22240.000000000000	  10943.000000000000	   1961.000000000000	    723.260000000000	    720.759000000000	  17523.000000000000	      0.000000000000	      3.066501798561	      0.492041366906	      0.088174460432	      0.787904676259
720.980200	  126	  68288.000000000000	  22255.000000000000	  10883.000000000000	   2127.000000000000	    723.463000000000	    720.980200000000	  17506.000000000000	      0.000000000000	      3.068434059762	      0.489013704785	      0.095574028308	      0.786609750618
721.199500	  127	  67753.000000000000	  22262.000000000000	  10769.000000000000	   1953.000000000000	    723.757000000000	    721.199500000000	  17474.000000000000	      0.000000000000	      3.043437247327	      0.483739106998	      0.087727966939	      0.784924984278
721.399300	  128	  66711.000000000000	  22276.000000000000	  10646.000000000000	   1791.000000000000	    723.935000000000	    721.399300000000	  17407.000000000000	      0.000000000000	      2.994747710540	      0.477913449452	      0.080400430957	      0.781423954031
721.611200	  129	  65570.000000000000	  22284.000000000000	  10527.000000000000	   1894.000000000000	    724.180000000000	    721.611200000000	  17410.000000000000	      0.000000000000	      2.942469933585	      0.472401723209	      0.084993717465	      0.781278047029
721.810200	  130	  64611.000000000000	  22286.000000000000	  10374.000000000000	   2090.000000000000	    724.370000000000	    721.810200000000	  17355.000000000000	      0.000000000000	      2.899174369559	      0.465494032128	      0.093780848963	      0.778740016154
722.026700	  131	  63902.000000000000	  22305.000000000000	  10228.000000000000	   2061.000000000000	    724.560000000000	    722.026700000000	  17200.000000000000	      0.000000000000	      2.864918179780	      0.458551894194	      0.092400806994	      0.771127549877
722.224900	  132	  63255.000000000000	  22311.000000000000	  10038.000000000000	   1852.000000000000	    724.793000000000	    722.224900000000	  16965.000000000000	      0.000000000000	      2.835148581417	      0.449912599166	      0.083008381516	      0.760387252925
722.440000	  133	  62707.000000000000	  22337.000000000000	   9850.000000000000	   1831.000000000000	    725.049000000000	    722.440000000000	  16648.000000000000	      0.000000000000	      2.807315216905	      0.440972377669	      0.081971616600	      0.745310471415
722.628000	  134	  62121.000000000000	  22357.000000000000	   9690.000000000000	   2011.000000000000	    725.298000000000	    722.628000000000	  16295.000000000000	      0.000000000000	      2.778592834459	      0.433421299817	      0.089949456546	      0.728854497473
722.842300	  135	  61344.000000000000	  22368.000000000000	   9506.000000000000	   2108.000000000000	    725.525000000000	    722.842300000000	  15824.000000000000	      0.000000000000	      2.742489270386	      0.424982117310	      0.094241773963	      0.707439198856
723.031100	  136	  60323.000000000000	  22378.000000000000	   9311.000000000000	   1917.000000000000	    725.709000000000	    723.031100000000	  15447.000000000000	      0.000000000000	      2.695638573599	      0.416078291179	      0.085664491912	      0.690276164090
723.257000	  137	  59238.000000000000	  22403.000000000000	   9192.000000000000	   1789.000000000000	    725.930000000000	    723.257000000000	  15102.000000000000	      0.000000000000	      2.644199437575	      0.410302191671	      0.079855376512	      0.674106146498
723.447700	  138	  58265.000000000000	  22424.000000000000	   9077.000000000000	   1923.000000000000	    726.192000000000	    723.447700000000	  14825.000000000000	      0.000000000000	      2.598332144131	      0.404789511238	      0.085756332501	      0.661122012130
723.675000	  139	  57346.000000000000	  22434.000000000000	   8989.000000000000	   2106.000000000000	    726.421000000000	    723.675000000000	  14520.000000000000	      0.000000000000	      2.556209325131	      0.400686458055	      0.093875367745	      0.647231880182
723.884900	  140	  56506.000000000000	  22451.000000000000	   8873.000000000000	   1999.000000000000	    726.641000000000	    723.884900000000	  14295.000000000000	      0.000000000000	      2.516858937241	      0.395216248719	      0.089038350185	      0.636719967930
724.120700	  141	  55771.000000000000	  22479.000000000000	   8787.000000000000	   1829.000000000000	    726.832000000000	    724.120700000000	  14129.000000000000	      0.000000000000	      2.481026736065	      0.390898171627	      0.081364829396	      0.628542194937
724.350000	  142	  55075.000000000000	  22494.000000000000	   8735.000000000000	   1866.000000000000	    727.077000000000	    724.350000000000	  13964.000000000000	      0.000000000000	      2.448430692629	      0.388325775762	      0.082955454788	      0.620787765626
724.605200	  143	  54498.000000000000	  22510.000000000000	   8674.000000000000	   2030.000000000000	    727.317000000000	    724.605200000000	  13815.000000000000	      0.000000000000	      2.421057307863	      0.385339848956	      0.090182141271	      0.613727232341
724.844200	  144	  54029.000000000000	  22533.000000000000	   8616.000000000000	   2062.000000000000	    727.511000000000	    724.844200000000	  13679.000000000000	      0.000000000000	      2.397772156393	      0.382372520304	      0.091510229441	      0.607065193272
725.113900	  145	  53640.000000000000	  22553.000000000000	   8556.000000000000	   1901.000000000000	    727.765000000000	    725.113900000000	  13620.000000000000	      0.000000000000	      2.378397552432	      0.379373032413	      0.084290338314	      0.603910787922
725.360300	  146	  53322.000000000000	  22578.000000000000	   8553.000000000000	   1820.000000000000	    727.977000000000	    725.360300000000	  13528.000000000000	      0.000000000000	      2.361679511028	      0.378820090353	      0.080609442820	      0.599167331030
725.634900	  147	  53036.000000000000	  22607.000000000000	   8502.000000000000	   1933.000000000000	    728.200000000000	    725.634900000000	  13466.000000000000	      0.000000000000	      2.345999026850	      0.376078205865	      0.085504489760	      0.595656212677
725.884400	  148	  52781.000000000000	  22624.000000000000	   8472.000000000000	   2083.000000000000	    728.421000000000	    725.884400000000	  13347.000000000000	      0.000000000000	      2.332964992928	      0.374469589816	      0.092070367751	      0.589948727016
726.150500	  149	  52554.000000000000	  22647.000000000000	   8414.000000000000	   2005.000000000000	    728.651000000000	    726.150500000000	  13320.000000000000	      0.000000000000	      2.320572261227	      0.371528237736	      0.088532697488	      0.588157371837
726.377900	  150	  52381.000000000000	  22668.000000000000	   8401.000000000000	   1827.000000000000	    728.880000000000	    726.377900000000	  13236.000000000000	      0.000000000000	      2.310790541733	      0.370610552320	      0.080598200106	      0.583906829010
726.627900	  151	  52231.000000000000	  22691.000000000000	   8377.000000000000	   1829.000000000000	    729.103000000000	    726.627900000000	  13178.000000000000	      0.000000000000	      2.301837733022	      0.369177206822	      0.080604645013	      0.580758891190
726.853300	  152	  52094.000000000000	  22713.000000000000	   8347.000000000000	   2039.000000000000	    729.318000000000	    726.853300000000	  13181.000000000000	      0.000000000000	      2.293576365958	      0.367498789240	      0.089772377053	      0.580328446264
727.097600	  153	  52025.000000000000	  22733.000000000000	   8345.000000000000	   2087.000000000000	    729.527000000000	    727.097600000000	  13154.000000000000	      0.000000000000	      2.288523292130	      0.367087493952	      0.091804865174	      0.578630185193
727.316200	  154	  51965.000000000000	  22771.000000000000	   8340.000000000000	   1890.000000000000	    729.756000000000	    727.316200000000	  13155.000000000000	      0.000000000000	      2.282069298669	      0.366255324755	      0.083000307409	      0.577708488867
727.552500	  155	  51914.000000000000	  22796.000000000000	   8302.000000000000	   1794.000000000000	    729.986000000000	    727.552500000000	  13114.000000000000	      0.000000000000	      2.277329356027	      0.364186699421	      0.078698017196	      0.575276364274
727.785700	  156	  51834.000000000000	  22815.000000000000	   8259.000000000000	   1944.000000000000	    730.215000000000	    727.785700000000	  13087.000000000000	      0.000000000000	      2.271926364234	      0.361998685076	      0.085207100592	      0.573613850537
727.986500	  157	  51814.000000000000	  22841.000000000000	   8278.000000000000	   2104.000000000000	    730.438000000000	    727.986500000000	  13075.000000000000	      0.000000000000	      2.268464603126	      0.362418458036	      0.092115056258	      0.572435532595
728.212200	  158	  51827.000000000000	  22879.000000000000	   8231.000000000000	   1981.000000000000	    730.655000000000	    728.212200000000	  13123.000000000000	      0.000000000000	      2.265265090257	      0.359762227370	      0.086585952183	      0.573582761484
728.442500	  159	  51863.000000000000	  22915.000000000000	   8257.000000000000	   1823.000000000000	    730.872000000000	    728.442500000000	  13068.000000000000	      0.000000000000	      2.263277329260	      0.360331660484	      0.079554876718	      0.570281475016
728.671300	  160	  51861.000000000000	  22951.000000000000	   8236.000000000000	   1870.000000000000	    731.090000000000	    728.671300000000	  13053.000000000000	      0.000000000000	      2.259640102828	      0.358851466167	      0.081477931245	      0.568733388523
728.906300	  161	  51843.000000000000	  22970.000000000000	   8204.000000000000	   2068.000000000000	    731.319000000000	    728.906300000000	  13078.000000000000	      0.000000000000	      2.256987374837	      0.357161515020	      0.090030474532	      0.569351327819
729.165300	  162	  51904.000000000000	  23011.000000000000	   8233.000000000000	   2068.000000000000	    731.551000000000	    729.165300000000	  13053.000000000000	      0.000000000000	      2.255616878884	      0.357785406979	      0.089870062144	      0.567250445439
729.403400	  163	  51947.000000000000	  23059.000000000000	   8230.000000000000	   1860.000000000000	    731.774000000000	    729.403400000000	  13096.000000000000	      0.000000000000	      2.252786330717	      0.356910533848	      0.080662647990	      0.567934429073
729.667700	  164	  52036.000000000000	  23103.000000000000	   8228.000000000000	   1816.000000000000	    731.989000000000	    729.667700000000	  13099.000000000000	      0.000000000000	      2.252348179890	      0.356144223694	      0.078604510237	      0.566982642947
729.916100	  165	  52108.000000000000	  23154.000000000000	   8244.000000000000	   2006.000000000000	    732.204000000000	    729.916100000000	  13167.000000000000	      0.000000000000	      2.250496674441	      0.356050790360	      0.086637298091	      0.568670640062
730.207400	  166	  52159.000000000000	  23194.000000000000	   8202.000000000000	   2110.000000000000	    732.438000000000	    730.207400000000	  13160.000000000000	      0.000000000000	      2.248814348538	      0.353625937743	      0.090971803053	      0.567388117617
730.468400	  167	  52209.000000000000	  23230.000000000000	   8220.000000000000	   1936.000000000000	    732.665000000000	    730.468400000000	  13179.000000000000	      0.000000000000	      2.247481704692	      0.353852776582	      0.083340507964	      0.567326732673
730.761800	  168	  52283.000000000000	  23281.000000000000	   8206.000000000000	   1814.000000000000	    732.874000000000	    730.761800000000	  13226.000000000000	      0.000000000000	      2.245736866973	      0.352476268202	      0.077917615223	      0.568102744727
731.028800	  169	  52321.000000000000	  23321.000000000000	   8203.000000000000	   1912.000000000000	    733.100000000000	    731.028800000000	  13259.000000000000	      0.000000000000	      2.243514429055	      0.351743064191	      0.081986192702	      0.568543372926
731.306000	  170	  52373.000000000000	  23356.000000000000	   8201.000000000000	   2112.000000000000	    733.330000000000	    731.306000000000	  13282.000000000000	      0.000000000000	      2.242378831992	      0.351130330536	      0.090426442884	      0.568676143175
731.562700	  171	  52449.000000000000	  23400.000000000000	   8202.000000000000	   2017.000000000000	    733.551000000000	    731.562700000000	  13353.000000000000	      0.000000000000	      2.241410256410	      0.350512820513	      0.086196581197	      0.570641025641
731.838600	  172	  52521.000000000000	  23440.000000000000	   8206.000000000000	   1840.000000000000	    733.773000000000	    731.838600000000	  13347.000000000000	      0.000000000000	      2.240656996587	      0.350085324232	      0.078498293515	      0.569411262799
732.081300	  173	  52544.000000000000	  23468.000000000000	   8208.000000000000	   1853.000000000000	    733.986000000000	    732.081300000000	  13414.000000000000	      0.000000000000	      2.238963695245	      0.349752854951	      0.078958581899	      0.571586841657
732.344700	  174	  52635.000000000000	  23509.000000000000	   8212.000000000000	   2052.000000000000	    734.209000000000	    732.344700000000	  13465.000000000000	      0.000000000000	      2.238929771577	      0.349313029053	      0.087285720362	      0.572759368752
732.580400	  175	  52748.000000000000	  23545.000000000000	   8207.000000000000	   2091.000000000000	    734.433000000000	    732.580400000000	  13497.000000000000	      0.000000000000	      2.240305797409	      0.348566574644	      0.088808664260	      0.573242726694
732.843100	  176	  52841.000000000000	  23579.000000000000	   8199.000000000000	   1904.000000000000	    734.665000000000	    732.843100000000	  13554.000000000000	      0.000000000000	      2.241019551296	      0.347724670257	      0.080749819755	      0.574833538318
733.088100	  177	  52972.000000000000	  23621.000000000000	   8232.000000000000	   1834.000000000000	    734.893000000000	    733.088100000000	  13590.000000000000	      0.000000000000	      2.242580754413	      0.348503450320	      0.077642775496	      0.575335506541
733.339400	  178	  53090.000000000000	  23668.000000000000	   8223.000000000000	   1954.000000000000	    735.096000000000	    733.339400000000	  13648.000000000000	      0.000000000000	      2.243113064053	      0.347431130641	      0.082558729086	      0.576643569376
733.547800	  179	  53183.000000000000	  23696.000000000000	   8211.000000000000	   2095.000000000000	    735.326000000000	    733.547800000000	  13760.000000000000	      0.000000000000	      2.244387238352	      0.346514179608	      0.088411546253	      0.580688723835
733.794300	  180	  53284.000000000000	  23732.000000000000	   8242.000000000000	   1986.000000000000	    735.541000000000	    733.794300000000	  13784.000000000000	      0.000000000000	      2.245238496545	      0.347294791842	      0.083684476656	      0.580819147143
734.010800	  181	  53370.000000000000	  23760.000000000000	   8231.000000000000	   1816.000000000000	    735.777000000000	    734.010800000000	  13841.000000000000	      0.000000000000	      2.246212121212	      0.346422558923	      0.076430976431	      0.582533670034
734.257700	  182	  53495.000000000000	  23803.000000000000	   8234.000000000000	   1893.000000000000	    736.011000000000	    734.257700000000	  13944.000000000000	      0.000000000000	      2.247405789186	      0.345922782842	      0.079527790615	      0.585808511532
734.480000	  183	  53609.000000000000	  23836.000000000000	   8239.000000000000	   2054.000000000000	    736.231000000000	    734.480000000000	  14036.000000000000	      0.000000000000	      2.249077026347	      0.345653633160	      0.086172176540	      0.588857190804
734.725000	  184	  53717.000000000000	  23870.000000000000	   8269.000000000000	   2040.000000000000	    736.442000000000	    734.725000000000	  14128.000000000000	      0.000000000000	      2.250397989108	      0.346418098031	      0.085462924173	      0.591872643486
734.950400	  185	  53818.000000000000	  23904.000000000000	   8242.000000000000	   1901.000000000000	    736.654000000000	    734.950400000000	  14187.000000000000	      0.000000000000	      2.251422356091	      0.344795850067	      0.079526439090	      0.593498995984
735.228900	  186	  53906.000000000000	  23924.000000000000	   8256.000000000000	   1824.000000000000	    736.885000000000	    735.228900000000	  14209.000000000000	      0.000000000000	      2.253218525330	      0.345092793847	      0.076241431199	      0.593922421000
735.462500	  187	  54016.000000000000	  23966.000000000000	   8227.000000000000	   1966.000000000000	    737.111000000000	    735.462500000000	  14298.000000000000	      0.000000000000	      2.253859634482	      0.343277977134	      0.082032879913	      0.596595176500
735.736300	  188	  54095.000000000000	  23995.000000000000	   8251.000000000000	   2107.000000000000	    737.333000000000	    735.736300000000	  14383.000000000000	      0.000000000000	      2.254428005835	      0.343863304855	      0.087809960408	      0.599416545114
735.994000	  189	  54171.000000000000	  24020.000000000000	   8240.000000000000	   1952.000000000000	    737.545000000000	    735.994000000000	  14458.000000000000	      0.000000000000	      2.255245628643	      0.343047460450	      0.081265611990	      0.601915070774
736.287300	  190	  54279.000000000000	  24054.000000000000	   8256.000000000000	   1816.000000000000	    737.783000000000	    736.287300000000	  14563.000000000000	      0.000000000000	      2.256547767523	      0.343227737590	      0.075496798869	      0.605429450403
736.577000	  191	  54343.000000000000	  24070.000000000000	   8237.000000000000	   1919.000000000000	    737.999000000000	    736.577000000000	  14652.000000000000	      0.000000000000	      2.257706688824	      0.342210220191	      0.079725799751	      0.608724553386
736.851600	  192	  54457.000000000000	  24100.000000000000	   8260.000000000000	   2079.000000000000	    738.223000000000	    736.851600000000	  14684.000000000000	      0.000000000000	      2.259626556017	      0.342738589212	      0.086265560166	      0.609294605809
737.132700	  193	  54602.000000000000	  24140.000000000000	   8287.000000000000	   2030.000000000000	    738.436000000000	    737.132700000000	  14790.000000000000	      0.000000000000	      2.261888980944	      0.343289146645	      0.084092792046	      0.612676056338
737.399200	  194	  54685.000000000000	  24161.000000000000	   8282.000000000000	   1847.000000000000	    738.660000000000	    737.399200000000	  14884.000000000000	      0.000000000000	      2.263358304706	      0.342783825173	      0.076445511361	      0.616034104549
737.679500	  195	  54779.000000000000	  24192.000000000000	   8275.000000000000	   1830.000000000000	    738.876000000000	    737.679500000000	  14947.000000000000	      0.000000000000	      2.264343584656	      0.342055224868	      0.075644841270	      0.617848875661
737.914200	  196	  54842.000000000000	  24217.000000000000	   8300.000000000000	   2002.000000000000	    739.114000000000	    737.914200000000	  15082.000000000000	      0.000000000000	      2.264607507123	      0.342734442747	      0.082669199323	      0.622785646447
738.169900	  197	  54879.000000000000	  24233.000000000000	   8253.000000000000	   2099.000000000000	    739.336000000000	    738.169900000000	  15130.000000000000	      0.000000000000	      2.264639128461	      0.340568646061	      0.086617422523	      0.624355218091
738.390700	  198	  54905.000000000000	  24251.000000000000	   8261.000000000000	   1925.000000000000	    739.548000000000	    738.390700000000	  15224.000000000000	      0.000000000000	      2.264030349264	      0.340645746567	      0.079378169972	      0.627767927096
738.628600	  199	  54957.000000000000	  24265.000000000000	   8265.000000000000	   1795.000000000000	    739.764000000000	    738.628600000000	  15258.000000000000	      0.000000000000	      2.264867092520	      0.340614053163	      0.073974860911	      0.628806923552
