 &SRS
 SRSRUN=236468,SRSDAT=2021124,SRSTIM=2584,
 SRSSTN='Bran',SRSPRJ='I06-1   ',SRSEXP='Emulator',
 SRSTLE='                                                            ',
 SRSCN1='        ',SRSCN2='        ',SRSCN3='        ',
<MetaDataAtStart>
command=scan fastEnergy 0.0 199.0 1.0 fesData 0 1
date='Wed Feb 24 14:58:04 2021'
beamenergy=3.00095538782
ringcurrent=298.391112813
iddgap=36.3855
iddtrp=-22.426
iddbrp=-22.426
idugap=100.0
idutrp=0.0
idubrp=0.0
pugap=155.004
pgmpitch=88.2676184772
pgmgratpitch=87.5559949051
cff=2.25
grating=400
pgmenergy=694.8032
denergy=694.803
uenergy=694.803
s1xgap=1.497
s1ygap=1.496
m1x=-5.0
m1pitch=-8509.0
m1qg=0.0924
m6x=3.0
m6yaw=-247.0
m6pitch=-10910.0
m6qg=0.0273
m7x=-1.4
m7pitch=6949.0
m7qg=14.3463
d9y=-16.000026
d10y=6.003
d11y=2.9
s6x=1.5147
s6xgap=1499.9
s6y=8.4887
s6ygap=20.068
iamp12_gain=10^7 V/A
magx=0.0
magy=0.0
magz=6.0
scmx=0.0
scmy=-4.0
scmth=3e-05
Tsample_mag=1.9
amp_scm_gain=5.0
amp_XABS_gain=6.0
amp_DDIFF_gain=5.0
m7y=-19.1
</MetaDataAtStart>
 &END
fastEnergy	pIndex	C1	C2	C3	C4	iddenergy	pgmenergy	C5	C6	idio	ifio	ifioft	ifiofb
694.923800	    0	  33106.000000000000	  21361.000000000000	   4928.000000000000	   1985.000000000000	    695.624000000000	    694.923800000000	   5997.000000000000	      0.000000000000	      1.549833809279	      0.230700809887	      0.092926361125	      0.280745283461
695.131000	    1	  33520.000000000000	  21562.000000000000	   4956.000000000000	   1792.000000000000	    695.624000000000	    695.131000000000	   5991.000000000000	      0.000000000000	      1.554586773027	      0.229848808088	      0.083109173546	      0.277849921158
695.345800	    2	  33801.000000000000	  21715.000000000000	   4958.000000000000	   1845.000000000000	    695.709000000000	    695.345800000000	   6028.000000000000	      0.000000000000	      1.556573796915	      0.228321436795	      0.084964310385	      0.277596131706
695.544200	    3	  33808.000000000000	  21724.000000000000	   4980.000000000000	   2046.000000000000	    695.912000000000	    695.544200000000	   6023.000000000000	      0.000000000000	      1.556251150801	      0.229239550727	      0.094181550359	      0.277250966673
695.757300	    4	  33853.000000000000	  21745.000000000000	   4957.000000000000	   2054.000000000000	    696.103000000000	    695.757300000000	   6017.000000000000	      0.000000000000	      1.556817659232	      0.227960450678	      0.094458496206	      0.276707289032
695.943300	    5	  33881.000000000000	  21763.000000000000	   4960.000000000000	   1858.000000000000	    696.315000000000	    695.943300000000	   6027.000000000000	      0.000000000000	      1.556816615356	      0.227909755089	      0.085374259064	      0.276937922161
696.148100	    6	  33906.000000000000	  21784.000000000000	   4951.000000000000	   1801.000000000000	    696.553000000000	    696.148100000000	   6020.000000000000	      0.000000000000	      1.556463459420	      0.227276900477	      0.082675358061	      0.276349614396
696.330700	    7	  33903.000000000000	  21789.000000000000	   4975.000000000000	   1957.000000000000	    696.748000000000	    696.330700000000	   6028.000000000000	      0.000000000000	      1.555968608013	      0.228326219652	      0.089815962183	      0.276653357199
696.548800	    8	  33932.000000000000	  21806.000000000000	   4986.000000000000	   2094.000000000000	    696.993000000000	    696.548800000000	   5999.000000000000	      0.000000000000	      1.556085481060	      0.228652664404	      0.096028615977	      0.275107768504
696.736300	    9	  33935.000000000000	  21819.000000000000	   4980.000000000000	   1950.000000000000	    697.222000000000	    696.736300000000	   6028.000000000000	      0.000000000000	      1.555295843073	      0.228241440946	      0.089371648563	      0.276272973097
696.948600	   10	  33932.000000000000	  21823.000000000000	   4983.000000000000	   1787.000000000000	    697.445000000000	    696.948600000000	   6022.000000000000	      0.000000000000	      1.554873298813	      0.228337075562	      0.081886083490	      0.275947394950
697.153900	   11	  33962.000000000000	  21832.000000000000	   4991.000000000000	   1882.000000000000	    697.705000000000	    697.153900000000	   6021.000000000000	      0.000000000000	      1.555606449249	      0.228609380726	      0.086203737633	      0.275787834372
697.362400	   12	  33961.000000000000	  21841.000000000000	   4982.000000000000	   2069.000000000000	    697.894000000000	    697.362400000000	   6025.000000000000	      0.000000000000	      1.554919646536	      0.228103108832	      0.094730094776	      0.275857332540
697.568500	   13	  33944.000000000000	  21833.000000000000	   4991.000000000000	   2013.000000000000	    698.117000000000	    697.568500000000	   6023.000000000000	      0.000000000000	      1.554710758943	      0.228598909907	      0.092199880914	      0.275866807127
697.812300	   14	  33958.000000000000	  21840.000000000000	   4969.000000000000	   1837.000000000000	    698.344000000000	    697.812300000000	   6001.000000000000	      0.000000000000	      1.554853479853	      0.227518315018	      0.084111721612	      0.274771062271
698.038900	   15	  33995.000000000000	  21860.000000000000	   4998.000000000000	   1852.000000000000	    698.567000000000	    698.038900000000	   5993.000000000000	      0.000000000000	      1.555123513266	      0.228636779506	      0.084720951510	      0.274153705398
698.268800	   16	  33978.000000000000	  21858.000000000000	   4997.000000000000	   1966.000000000000	    698.801000000000	    698.268800000000	   5995.000000000000	      0.000000000000	      1.554488059292	      0.228611949858	      0.089944185195	      0.274270290054
698.488100	   17	  33998.000000000000	  21865.000000000000	   4984.000000000000	   2055.000000000000	    699.036000000000	    698.488100000000	   5985.000000000000	      0.000000000000	      1.554905099474	      0.227944203064	      0.093985822090	      0.273725131489
698.732000	   18	  34012.000000000000	  21878.000000000000	   4994.000000000000	   1944.000000000000	    699.257000000000	    698.732000000000	   5995.000000000000	      0.000000000000	      1.554621080538	      0.228265837828	      0.088856385410	      0.274019563031
698.948100	   19	  34009.000000000000	  21871.000000000000	   4990.000000000000	   1817.000000000000	    699.452000000000	    698.948100000000	   6005.000000000000	      0.000000000000	      1.554981482328	      0.228156005670	      0.083078048557	      0.274564491793
699.179000	   20	  34008.000000000000	  21874.000000000000	   5005.000000000000	   1885.000000000000	    699.696000000000	    699.179000000000	   5976.000000000000	      0.000000000000	      1.554722501600	      0.228810459907	      0.086175368017	      0.273201060620
699.389300	   21	  34026.000000000000	  21881.000000000000	   5009.000000000000	   2075.000000000000	    699.913000000000	    699.389300000000	   6000.000000000000	      0.000000000000	      1.555047758329	      0.228920067639	      0.094831132032	      0.274210502262
699.603700	   22	  34013.000000000000	  21878.000000000000	   5004.000000000000	   2020.000000000000	    700.140000000000	    699.603700000000	   6031.000000000000	      0.000000000000	      1.554666788555	      0.228722918000	      0.092330194716	      0.275665051650
699.813700	   23	  34022.000000000000	  21891.000000000000	   4983.000000000000	   1822.000000000000	    700.402000000000	    699.813700000000	   6012.000000000000	      0.000000000000	      1.554154675437	      0.227627792243	      0.083230551368	      0.274633410991
700.035500	   24	  34037.000000000000	  21893.000000000000	   4997.000000000000	   1815.000000000000	    700.595000000000	    700.035500000000	   5999.000000000000	      0.000000000000	      1.554697848627	      0.228246471475	      0.082903211072	      0.274014525191
700.242200	   25	  34065.000000000000	  21905.000000000000	   5011.000000000000	   2021.000000000000	    700.853000000000	    700.242200000000	   6032.000000000000	      0.000000000000	      1.555124400822	      0.228760556950	      0.092262040630	      0.275370919881
700.444400	   26	  34078.000000000000	  21911.000000000000	   5015.000000000000	   2081.000000000000	    701.042000000000	    700.444400000000	   6011.000000000000	      0.000000000000	      1.555291862535	      0.228880470996	      0.094975126649	      0.274337090959
700.639500	   27	  34104.000000000000	  21924.000000000000	   5009.000000000000	   1881.000000000000	    701.255000000000	    700.639500000000	   6047.000000000000	      0.000000000000	      1.555555555556	      0.228471081919	      0.085796387521	      0.275816456851
700.836800	   28	  34116.000000000000	  21925.000000000000	   5018.000000000000	   1789.000000000000	    701.525000000000	    700.836800000000	   6049.000000000000	      0.000000000000	      1.556031927024	      0.228871151653	      0.081596351197	      0.275895096921
701.033700	   29	  34129.000000000000	  21928.000000000000	   5022.000000000000	   1926.000000000000	    701.756000000000	    701.033700000000	   6048.000000000000	      0.000000000000	      1.556411893470	      0.229022254652	      0.087832907698	      0.275811747537
701.227200	   30	  34150.000000000000	  21935.000000000000	   5031.000000000000	   2095.000000000000	    701.990000000000	    701.227200000000	   6060.000000000000	      0.000000000000	      1.556872578072	      0.229359471165	      0.095509459767	      0.276270800091
701.430500	   31	  34180.000000000000	  21952.000000000000	   5035.000000000000	   1973.000000000000	    702.209000000000	    701.430500000000	   6080.000000000000	      0.000000000000	      1.557033527697	      0.229364067055	      0.089877915452	      0.276967930029
701.609300	   32	  34192.000000000000	  21961.000000000000	   5041.000000000000	   1802.000000000000	    702.388000000000	    701.609300000000	   6094.000000000000	      0.000000000000	      1.556941851464	      0.229543281271	      0.082054551250	      0.277491917490
701.820400	   33	  34226.000000000000	  21969.000000000000	   5050.000000000000	   1846.000000000000	    702.646000000000	    701.820400000000	   6115.000000000000	      0.000000000000	      1.557922527197	      0.229869361373	      0.084027493286	      0.278346761346
702.006100	   34	  34246.000000000000	  21970.000000000000	   5052.000000000000	   2050.000000000000	    702.873000000000	    702.006100000000	   6139.000000000000	      0.000000000000	      1.558761948111	      0.229949931725	      0.093309057806	      0.279426490669
702.223700	   35	  34261.000000000000	  21972.000000000000	   5051.000000000000	   2065.000000000000	    703.109000000000	    702.223700000000	   6176.000000000000	      0.000000000000	      1.559302748953	      0.229883488076	      0.093983251411	      0.281085017295
702.413200	   36	  34296.000000000000	  21974.000000000000	   5073.000000000000	   1857.000000000000	    703.338000000000	    702.413200000000	   6185.000000000000	      0.000000000000	      1.560753617912	      0.230863748066	      0.084508965141	      0.281469008829
702.641800	   37	  34320.000000000000	  21973.000000000000	   5094.000000000000	   1786.000000000000	    703.521000000000	    702.641800000000	   6222.000000000000	      0.000000000000	      1.561916898011	      0.231829973149	      0.081281572839	      0.283165703363
702.854600	   38	  34376.000000000000	  21985.000000000000	   5082.000000000000	   1968.000000000000	    703.777000000000	    702.854600000000	   6270.000000000000	      0.000000000000	      1.563611553332	      0.231157607460	      0.089515578804	      0.285194450762
703.086600	   39	  34391.000000000000	  21976.000000000000	   5100.000000000000	   2096.000000000000	    703.995000000000	    703.086600000000	   6303.000000000000	      0.000000000000	      1.564934473972	      0.232071350564	      0.095376774663	      0.286812886786
703.308500	   40	  34405.000000000000	  21971.000000000000	   5111.000000000000	   1936.000000000000	    704.218000000000	    703.308500000000	   6353.000000000000	      0.000000000000	      1.565927813937	      0.232624823631	      0.088116153111	      0.289153884666
703.553200	   41	  34463.000000000000	  21969.000000000000	   5115.000000000000	   1786.000000000000	    704.450000000000	    703.553200000000	   6426.000000000000	      0.000000000000	      1.568710455642	      0.232828075925	      0.081296372161	      0.292503072511
703.780000	   42	  34533.000000000000	  21977.000000000000	   5148.000000000000	   1895.000000000000	    704.675000000000	    703.780000000000	   6499.000000000000	      0.000000000000	      1.571324566592	      0.234244892387	      0.086226509533	      0.295718250899
704.030700	   43	  34625.000000000000	  21986.000000000000	   5167.000000000000	   2091.000000000000	    704.897000000000	    704.030700000000	   6594.000000000000	      0.000000000000	      1.574865823706	      0.235013190212	      0.095105976531	      0.299918129719
704.256200	   44	  34723.000000000000	  21991.000000000000	   5195.000000000000	   2005.000000000000	    705.122000000000	    704.256200000000	   6712.000000000000	      0.000000000000	      1.578964121686	      0.236233004411	      0.091173661953	      0.305215770088
704.497400	   45	  34872.000000000000	  21996.000000000000	   5229.000000000000	   1812.000000000000	    705.344000000000	    704.497400000000	   6868.000000000000	      0.000000000000	      1.585379159847	      0.237725040917	      0.082378614294	      0.312238588834
704.710400	   46	  35038.000000000000	  21995.000000000000	   5256.000000000000	   1831.000000000000	    705.570000000000	    704.710400000000	   7046.000000000000	      0.000000000000	      1.592998408729	      0.238963400773	      0.083246192316	      0.320345533076
704.950800	   47	  35287.000000000000	  22003.000000000000	   5334.000000000000	   2055.000000000000	    705.799000000000	    704.950800000000	   7322.000000000000	      0.000000000000	      1.603735854202	      0.242421487979	      0.093396355042	      0.332772803709
705.151100	   48	  35644.000000000000	  22010.000000000000	   5385.000000000000	   2078.000000000000	    706.013000000000	    705.151100000000	   7675.000000000000	      0.000000000000	      1.619445706497	      0.244661517492	      0.094411631077	      0.348705134030
705.377400	   49	  36329.000000000000	  22015.000000000000	   5494.000000000000	   1863.000000000000	    706.242000000000	    705.377400000000	   8231.000000000000	      0.000000000000	      1.650193050193	      0.249557120145	      0.084624119918	      0.373881444470
705.567500	   50	  37544.000000000000	  22020.000000000000	   5704.000000000000	   1814.000000000000	    706.468000000000	    705.567500000000	   9011.000000000000	      0.000000000000	      1.704995458674	      0.259037238874	      0.082379654859	      0.409218891916
705.771800	   51	  39367.000000000000	  22025.000000000000	   6052.000000000000	   1959.000000000000	    706.690000000000	    705.771800000000	  10303.000000000000	      0.000000000000	      1.787377979569	      0.274778660613	      0.088944381385	      0.467786606129
705.956400	   52	  43281.000000000000	  22023.000000000000	   6780.000000000000	   2082.000000000000	    706.909000000000	    705.956400000000	  12391.000000000000	      0.000000000000	      1.965263588067	      0.307859964582	      0.094537528947	      0.562639059165
706.162500	   53	  49334.000000000000	  22019.000000000000	   7701.000000000000	   1958.000000000000	    707.133000000000	    706.162500000000	  14547.000000000000	      0.000000000000	      2.240519551297	      0.349743403424	      0.088923202689	      0.660656705572
706.342600	   54	  55206.000000000000	  22022.000000000000	   8537.000000000000	   1827.000000000000	    707.361000000000	    706.342600000000	  16298.000000000000	      0.000000000000	      2.506856779584	      0.387657796749	      0.082962492053	      0.740078103714
706.544700	   55	  60659.000000000000	  22013.000000000000	   9116.000000000000	   1884.000000000000	    707.588000000000	    706.544700000000	  17208.000000000000	      0.000000000000	      2.755598964248	      0.414118929723	      0.085585790215	      0.781719892791
706.724600	   56	  66095.000000000000	  22014.000000000000	   9508.000000000000	   2078.000000000000	    707.808000000000	    706.724600000000	  17739.000000000000	      0.000000000000	      3.002407558826	      0.431906968293	      0.094394476242	      0.805805396566
706.932100	   57	  71209.000000000000	  22015.000000000000	   9797.000000000000	   2053.000000000000	    708.019000000000	    706.932100000000	  17777.000000000000	      0.000000000000	      3.234567340450	      0.445014762662	      0.093254599137	      0.807494889848
707.135100	   58	  75872.000000000000	  22024.000000000000	   9962.000000000000	   1867.000000000000	    708.241000000000	    707.135100000000	  17453.000000000000	      0.000000000000	      3.444969124591	      0.452324736651	      0.084771158736	      0.792453686887
707.330800	   59	  78537.000000000000	  22024.000000000000	  10031.000000000000	   1822.000000000000	    708.471000000000	    707.330800000000	  16919.000000000000	      0.000000000000	      3.565973483473	      0.455457682528	      0.082727933164	      0.768207410098
707.533500	   60	  80499.000000000000	  22027.000000000000	  10006.000000000000	   1996.000000000000	    708.701000000000	    707.533500000000	  16175.000000000000	      0.000000000000	      3.654560312344	      0.454260680074	      0.090616062106	      0.734326054388
707.748300	   61	  82092.000000000000	  22040.000000000000	   9945.000000000000	   2110.000000000000	    708.933000000000	    707.748300000000	  15539.000000000000	      0.000000000000	      3.724682395644	      0.451225045372	      0.095735027223	      0.705036297641
707.961600	   62	  80465.000000000000	  22042.000000000000	   9885.000000000000	   1944.000000000000	    709.146000000000	    707.961600000000	  15106.000000000000	      0.000000000000	      3.650530804827	      0.448462027039	      0.088195263588	      0.685328010162
708.189200	   63	  77571.000000000000	  22052.000000000000	   9905.000000000000	   1814.000000000000	    709.366000000000	    708.189200000000	  15039.000000000000	      0.000000000000	      3.517640123345	      0.449165608562	      0.082260112461	      0.681978958825
708.397000	   64	  77344.000000000000	  22053.000000000000	   9892.000000000000	   1916.000000000000	    709.590000000000	    708.397000000000	  15138.000000000000	      0.000000000000	      3.507187230762	      0.448555752052	      0.086881603410	      0.686437219426
708.624400	   65	  79857.000000000000	  22054.000000000000	   9925.000000000000	   2096.000000000000	    709.822000000000	    708.624400000000	  15230.000000000000	      0.000000000000	      3.620975786705	      0.450031740274	      0.095039448626	      0.690577672984
708.855500	   66	  83738.000000000000	  22059.000000000000	   9957.000000000000	   2023.000000000000	    710.043000000000	    708.855500000000	  15254.000000000000	      0.000000000000	      3.796092297928	      0.451380388957	      0.091708599665	      0.691509134594
709.069000	   67	  86859.000000000000	  22059.000000000000	   9916.000000000000	   1840.000000000000	    710.261000000000	    709.069000000000	  15061.000000000000	      0.000000000000	      3.937576499388	      0.449521737159	      0.083412666032	      0.682759871254
709.285700	   68	  87612.000000000000	  22068.000000000000	   9833.000000000000	   1854.000000000000	    710.483000000000	    709.285700000000	  14725.000000000000	      0.000000000000	      3.970092441544	      0.445577306507	      0.084013050571	      0.667255754939
709.500000	   69	  85481.000000000000	  22055.000000000000	   9640.000000000000	   2052.000000000000	    710.715000000000	    709.500000000000	  14211.000000000000	      0.000000000000	      3.875810473815	      0.437089095443	      0.093040126955	      0.644343686239
709.723900	   70	  80586.000000000000	  22058.000000000000	   9420.000000000000	   2089.000000000000	    710.943000000000	    709.723900000000	  13589.000000000000	      0.000000000000	      3.653368392420	      0.427055943422	      0.094704868982	      0.616057666153
709.907400	   71	  74928.000000000000	  22049.000000000000	   9181.000000000000	   1906.000000000000	    711.165000000000	    709.907400000000	  12980.000000000000	      0.000000000000	      3.398249353712	      0.416390766021	      0.086443829652	      0.588688829425
710.119500	   72	  70030.000000000000	  22055.000000000000	   8973.000000000000	   1811.000000000000	    711.385000000000	    710.119500000000	  12482.000000000000	      0.000000000000	      3.175243708910	      0.406846520063	      0.082112899569	      0.565948764453
710.308000	   73	  66201.000000000000	  22045.000000000000	   8834.000000000000	   1959.000000000000	    711.600000000000	    710.308000000000	  12056.000000000000	      0.000000000000	      3.002993876162	      0.400725788161	      0.088863687911	      0.546881378998
710.513400	   74	  63232.000000000000	  22037.000000000000	   8691.000000000000	   2123.000000000000	    711.824000000000	    710.513400000000	  11676.000000000000	      0.000000000000	      2.869356082951	      0.394382175432	      0.096337977039	      0.529836184599
710.689000	   75	  60835.000000000000	  22026.000000000000	   8573.000000000000	   1980.000000000000	    712.063000000000	    710.689000000000	  11414.000000000000	      0.000000000000	      2.761963134477	      0.389221828748	      0.089893761918	      0.518205756833
710.884600	   76	  58813.000000000000	  22020.000000000000	   8493.000000000000	   1817.000000000000	    712.287000000000	    710.884600000000	  11183.000000000000	      0.000000000000	      2.670890099909	      0.385694822888	      0.082515894641	      0.507856494096
711.049300	   77	  57170.000000000000	  22001.000000000000	   8391.000000000000	   1891.000000000000	    712.502000000000	    711.049300000000	  11017.000000000000	      0.000000000000	      2.598518249170	      0.381391754920	      0.085950638607	      0.500749965911
711.241000	   78	  55906.000000000000	  21996.000000000000	   8295.000000000000	   2091.000000000000	    712.724000000000	    711.241000000000	  10863.000000000000	      0.000000000000	      2.541643935261	      0.377114020731	      0.095062738680	      0.493862520458
711.410000	   79	  54780.000000000000	  21994.000000000000	   8215.000000000000	   2049.000000000000	    712.954000000000	    711.410000000000	  10744.000000000000	      0.000000000000	      2.490679276166	      0.373510957534	      0.093161771392	      0.488496862781
711.593400	   80	  53789.000000000000	  21977.000000000000	   8154.000000000000	   1829.000000000000	    713.184000000000	    711.593400000000	  10607.000000000000	      0.000000000000	      2.447513309369	      0.371024252628	      0.083223369887	      0.482640942804
711.753700	   81	  52900.000000000000	  21960.000000000000	   8083.000000000000	   1824.000000000000	    713.404000000000	    711.753700000000	  10454.000000000000	      0.000000000000	      2.408925318761	      0.368078324226	      0.083060109290	      0.476047358834
711.934700	   82	  52107.000000000000	  21946.000000000000	   8035.000000000000	   2024.000000000000	    713.631000000000	    711.934700000000	  10344.000000000000	      0.000000000000	      2.374327895744	      0.366125945503	      0.092226373827	      0.471338740545
712.098800	   83	  51406.000000000000	  21937.000000000000	   7990.000000000000	   2115.000000000000	    713.844000000000	    712.098800000000	  10244.000000000000	      0.000000000000	      2.343346856908	      0.364224825637	      0.096412453845	      0.466973606236
712.288400	   84	  50740.000000000000	  21922.000000000000	   7913.000000000000	   1902.000000000000	    714.069000000000	    712.288400000000	  10089.000000000000	      0.000000000000	      2.314569838518	      0.360961591096	      0.086762156738	      0.460222607426
712.455300	   85	  50151.000000000000	  21925.000000000000	   7858.000000000000	   1806.000000000000	    714.297000000000	    712.455300000000	   9967.000000000000	      0.000000000000	      2.287388825542	      0.358403648803	      0.082371721779	      0.454595210946
712.653000	   86	  49563.000000000000	  21916.000000000000	   7815.000000000000	   1933.000000000000	    714.529000000000	    712.653000000000	   9840.000000000000	      0.000000000000	      2.261498448622	      0.356588793575	      0.088200401533	      0.448987041431
712.832300	   87	  48978.000000000000	  21898.000000000000	   7750.000000000000	   2114.000000000000	    714.751000000000	    712.832300000000	   9746.000000000000	      0.000000000000	      2.236642615764	      0.353913599415	      0.096538496666	      0.445063476117
713.039700	   88	  48483.000000000000	  21902.000000000000	   7725.000000000000	   1984.000000000000	    714.969000000000	    713.039700000000	   9627.000000000000	      0.000000000000	      2.213633458132	      0.352707515295	      0.090585334673	      0.439548899644
713.233500	   89	  48005.000000000000	  21902.000000000000	   7671.000000000000	   1804.000000000000	    715.197000000000	    713.233500000000	   9565.000000000000	      0.000000000000	      2.191808967218	      0.350241987033	      0.082366907132	      0.436718107935
713.450100	   90	  47550.000000000000	  21893.000000000000	   7617.000000000000	   1878.000000000000	    715.407000000000	    713.450100000000	   9503.000000000000	      0.000000000000	      2.171927099986	      0.347919426301	      0.085780843192	      0.434065683095
713.640400	   91	  47106.000000000000	  21881.000000000000	   7592.000000000000	   2066.000000000000	    715.631000000000	    713.640400000000	   9406.000000000000	      0.000000000000	      2.152826653261	      0.346967688862	      0.094419816279	      0.429870664046
713.865800	   92	  46682.000000000000	  21866.000000000000	   7547.000000000000	   2052.000000000000	    715.857000000000	    713.865800000000	   9355.000000000000	      0.000000000000	      2.134912649776	      0.345147717918	      0.093844324522	      0.427833165645
714.083400	   93	  46320.000000000000	  21866.000000000000	   7522.000000000000	   1856.000000000000	    716.088000000000	    714.083400000000	   9274.000000000000	      0.000000000000	      2.118357266990	      0.344004390378	      0.084880636605	      0.424128784414
714.302200	   94	  45934.000000000000	  21851.000000000000	   7503.000000000000	   1812.000000000000	    716.322000000000	    714.302200000000	   9194.000000000000	      0.000000000000	      2.102146354858	      0.343371012768	      0.082925266578	      0.420758775342
714.520600	   95	  45599.000000000000	  21837.000000000000	   7433.000000000000	   2005.000000000000	    716.534000000000	    714.520600000000	   9119.000000000000	      0.000000000000	      2.088153134588	      0.340385584100	      0.091816641480	      0.417593991849
714.740700	   96	  45306.000000000000	  21830.000000000000	   7416.000000000000	   2103.000000000000	    716.763000000000	    714.740700000000	   9036.000000000000	      0.000000000000	      2.075400824553	      0.339715987174	      0.096335318369	      0.413925790197
714.966800	   97	  45034.000000000000	  21829.000000000000	   7365.000000000000	   1924.000000000000	    716.989000000000	    714.966800000000	   8944.000000000000	      0.000000000000	      2.063035411608	      0.337395208209	      0.088139630766	      0.409730175455
715.195700	   98	  44773.000000000000	  21820.000000000000	   7341.000000000000	   1814.000000000000	    717.221000000000	    715.195700000000	   8874.000000000000	      0.000000000000	      2.051924839597	      0.336434463795	      0.083134738772	      0.406691109074
715.408700	   99	  44551.000000000000	  21819.000000000000	   7333.000000000000	   1920.000000000000	    717.429000000000	    715.408700000000	   8831.000000000000	      0.000000000000	      2.041844264173	      0.336083230212	      0.087996700124	      0.404738988955
715.623500	  100	  44343.000000000000	  21819.000000000000	   7311.000000000000	   2093.000000000000	    717.656000000000	    715.623500000000	   8716.000000000000	      0.000000000000	      2.032311288327	      0.335074934690	      0.095925569458	      0.399468353270
715.797400	  101	  44122.000000000000	  21803.000000000000	   7275.000000000000	   2012.000000000000	    717.866000000000	    715.797400000000	   8650.000000000000	      0.000000000000	      2.023666467917	      0.333669678485	      0.092280878778	      0.396734394349
716.007100	  102	  43920.000000000000	  21796.000000000000	   7280.000000000000	   1815.000000000000	    718.092000000000	    716.007100000000	   8589.000000000000	      0.000000000000	      2.015048632777	      0.334006239677	      0.083272160029	      0.394063130850
716.192800	  103	  43709.000000000000	  21786.000000000000	   7240.000000000000	   1846.000000000000	    718.329000000000	    716.192800000000	   8511.000000000000	      0.000000000000	      2.006288442119	      0.332323510511	      0.084733314973	      0.390663729000
716.397900	  104	  43545.000000000000	  21793.000000000000	   7236.000000000000	   2046.000000000000	    718.545000000000	    716.397900000000	   8431.000000000000	      0.000000000000	      1.998118661956	      0.332033221677	      0.093883357041	      0.386867342725
716.572700	  105	  43373.000000000000	  21785.000000000000	   7234.000000000000	   2059.000000000000	    718.771000000000	    716.572700000000	   8371.000000000000	      0.000000000000	      1.990957080560	      0.332063346339	      0.094514574248	      0.384255221483
716.773800	  106	  43247.000000000000	  21784.000000000000	   7225.000000000000	   1905.000000000000	    718.992000000000	    716.773800000000	   8318.000000000000	      0.000000000000	      1.985264414249	      0.331665442527	      0.087449504223	      0.381839882483
716.949200	  107	  43124.000000000000	  21787.000000000000	   7271.000000000000	   1833.000000000000	    719.216000000000	    716.949200000000	   8298.000000000000	      0.000000000000	      1.979345481250	      0.333731124065	      0.084132739707	      0.380869325745
717.138700	  108	  43003.000000000000	  21780.000000000000	   7251.000000000000	   1935.000000000000	    719.449000000000	    717.138700000000	   8250.000000000000	      0.000000000000	      1.974426078972	      0.332920110193	      0.088842975207	      0.378787878788
717.306300	  109	  42959.000000000000	  21784.000000000000	   7268.000000000000	   2089.000000000000	    719.667000000000	    717.306300000000	   8204.000000000000	      0.000000000000	      1.972043701799	      0.333639368344	      0.095896070510	      0.376606683805
717.504600	  110	  42935.000000000000	  21776.000000000000	   7310.000000000000	   1975.000000000000	    719.894000000000	    717.504600000000	   8223.000000000000	      0.000000000000	      1.971666054372	      0.335690668626	      0.090696179280	      0.377617560617
717.686300	  111	  43003.000000000000	  21771.000000000000	   7356.000000000000	   1816.000000000000	    720.108000000000	    717.686300000000	   8246.000000000000	      0.000000000000	      1.975242294796	      0.337880666942	      0.083413715493	      0.378760736760
717.893400	  112	  43221.000000000000	  21778.000000000000	   7454.000000000000	   1862.000000000000	    720.347000000000	    717.893400000000	   8330.000000000000	      0.000000000000	      1.984617503903	      0.342272017632	      0.085499127560	      0.382496096979
718.082300	  113	  43648.000000000000	  21781.000000000000	   7617.000000000000	   2064.000000000000	    720.559000000000	    718.082300000000	   8496.000000000000	      0.000000000000	      2.003948395390	      0.349708461503	      0.094761489371	      0.390064735320
718.299200	  114	  44460.000000000000	  21793.000000000000	   7804.000000000000	   2050.000000000000	    720.781000000000	    718.299200000000	   8847.000000000000	      0.000000000000	      2.040104620750	      0.358096636535	      0.094066902216	      0.405956040931
718.486700	  115	  45777.000000000000	  21784.000000000000	   8147.000000000000	   1873.000000000000	    721.002000000000	    718.486700000000	   9423.000000000000	      0.000000000000	      2.101404700698	      0.373990084466	      0.085980536173	      0.432565185457
718.710900	  116	  47939.000000000000	  21795.000000000000	   8655.000000000000	   1805.000000000000	    721.239000000000	    718.710900000000	  10305.000000000000	      0.000000000000	      2.199541179170	      0.397109428768	      0.082817159899	      0.472814865795
718.925500	  117	  50683.000000000000	  21792.000000000000	   9160.000000000000	   1974.000000000000	    721.445000000000	    718.925500000000	  11499.000000000000	      0.000000000000	      2.325761747430	      0.420337738620	      0.090583700441	      0.527670704846
719.161800	  118	  53432.000000000000	  21806.000000000000	   9705.000000000000	   2115.000000000000	    721.674000000000	    719.161800000000	  12857.000000000000	      0.000000000000	      2.450334770247	      0.445060992387	      0.096991653673	      0.589608364670
719.381000	  119	  55653.000000000000	  21815.000000000000	  10098.000000000000	   1948.000000000000	    721.898000000000	    719.381000000000	  14066.000000000000	      0.000000000000	      2.551134540454	      0.462892505157	      0.089296355719	      0.644785697914
719.621900	  120	  57280.000000000000	  21810.000000000000	  10352.000000000000	   1811.000000000000	    722.131000000000	    719.621900000000	  15017.000000000000	      0.000000000000	      2.626318202659	      0.474644658414	      0.083035304906	      0.688537368180
719.851100	  121	  58458.000000000000	  21824.000000000000	  10491.000000000000	   1913.000000000000	    722.358000000000	    719.851100000000	  15724.000000000000	      0.000000000000	      2.678610703812	      0.480709310850	      0.087655791789	      0.720491202346
720.099400	  122	  59498.000000000000	  21848.000000000000	  10571.000000000000	   2103.000000000000	    722.574000000000	    720.099400000000	  16264.000000000000	      0.000000000000	      2.723269864518	      0.483842914683	      0.096255950201	      0.744415964848
720.344000	  123	  60315.000000000000	  21860.000000000000	  10569.000000000000	   2040.000000000000	    722.787000000000	    720.344000000000	  16549.000000000000	      0.000000000000	      2.759149130833	      0.483485818847	      0.093321134492	      0.757044830741
720.549900	  124	  60780.000000000000	  21866.000000000000	  10507.000000000000	   1824.000000000000	    723.013000000000	    720.549900000000	  16654.000000000000	      0.000000000000	      2.779657916400	      0.480517698710	      0.083417177353	      0.761639074362
720.786100	  125	  61115.000000000000	  21878.000000000000	  10433.000000000000	   1831.000000000000	    723.250000000000	    720.786100000000	  16726.000000000000	      0.000000000000	      2.793445470335	      0.476871743304	      0.083691379468	      0.764512295457
720.999900	  126	  61118.000000000000	  21886.000000000000	  10345.000000000000	   2038.000000000000	    723.471000000000	    720.999900000000	  16660.000000000000	      0.000000000000	      2.792561454811	      0.472676596911	      0.093118888787	      0.761217216485
721.221300	  127	  60582.000000000000	  21900.000000000000	  10269.000000000000	   2100.000000000000	    723.698000000000	    721.221300000000	  16616.000000000000	      0.000000000000	      2.766301369863	      0.468904109589	      0.095890410959	      0.758721461187
721.429800	  128	  59626.000000000000	  21912.000000000000	  10149.000000000000	   1889.000000000000	    723.902000000000	    721.429800000000	  16615.000000000000	      0.000000000000	      2.721157356700	      0.463170865279	      0.086208470245	      0.758260313983
721.643400	  129	  58669.000000000000	  21922.000000000000	  10051.000000000000	   1833.000000000000	    724.119000000000	    721.643400000000	  16606.000000000000	      0.000000000000	      2.676261290028	      0.458489188943	      0.083614633701	      0.757503877383
721.848900	  130	  57859.000000000000	  21940.000000000000	   9914.000000000000	   1960.000000000000	    724.354000000000	    721.848900000000	  16556.000000000000	      0.000000000000	      2.637146763902	      0.451868732908	      0.089334548769	      0.754603463993
722.065400	  131	  57203.000000000000	  21955.000000000000	   9772.000000000000	   2078.000000000000	    724.589000000000	    722.065400000000	  16440.000000000000	      0.000000000000	      2.605465725347	      0.445092234115	      0.094648143931	      0.748804372580
722.254900	  132	  56627.000000000000	  21961.000000000000	   9632.000000000000	   1996.000000000000	    724.805000000000	    722.254900000000	  16245.000000000000	      0.000000000000	      2.578525568052	      0.438595692364	      0.090888393060	      0.739720413460
722.468900	  133	  56109.000000000000	  21973.000000000000	   9476.000000000000	   1853.000000000000	    725.024000000000	    722.468900000000	  15934.000000000000	      0.000000000000	      2.553542984572	      0.431256542120	      0.084330769581	      0.725162699677
722.653200	  134	  55532.000000000000	  21988.000000000000	   9301.000000000000	   1875.000000000000	    725.255000000000	    722.653200000000	  15564.000000000000	      0.000000000000	      2.525559396034	      0.423003456431	      0.085273785701	      0.707840640349
722.864700	  135	  54803.000000000000	  21994.000000000000	   9143.000000000000	   2031.000000000000	    725.474000000000	    722.864700000000	  15173.000000000000	      0.000000000000	      2.491725015913	      0.415704282986	      0.092343366373	      0.689869964536
723.067200	  136	  53930.000000000000	  22015.000000000000	   9029.000000000000	   2084.000000000000	    725.734000000000	    723.067200000000	  14809.000000000000	      0.000000000000	      2.449693390870	      0.410129457188	      0.094662729957	      0.672677719737
723.283300	  137	  53041.000000000000	  22043.000000000000	   8916.000000000000	   1907.000000000000	    725.940000000000	    723.283300000000	  14514.000000000000	      0.000000000000	      2.406251417684	      0.404482148528	      0.086512725128	      0.658440321190
723.483800	  138	  52136.000000000000	  22054.000000000000	   8832.000000000000	   1822.000000000000	    726.144000000000	    723.483800000000	  14218.000000000000	      0.000000000000	      2.364015598077	      0.400471569783	      0.082615398567	      0.644690305613
723.704600	  139	  51352.000000000000	  22068.000000000000	   8693.000000000000	   1956.000000000000	    726.376000000000	    723.704600000000	  13998.000000000000	      0.000000000000	      2.326989305782	      0.393918796447	      0.088635127787	      0.634312126156
723.908000	  140	  50658.000000000000	  22095.000000000000	   8665.000000000000	   2119.000000000000	    726.617000000000	    723.908000000000	  13833.000000000000	      0.000000000000	      2.292735913103	      0.392170174248	      0.095904050690	      0.626069246436
724.147000	  141	  49964.000000000000	  22105.000000000000	   8590.000000000000	   1986.000000000000	    726.824000000000	    724.147000000000	  13692.000000000000	      0.000000000000	      2.260303098846	      0.388599864284	      0.089843926713	      0.619407373897
724.377500	  142	  49359.000000000000	  22118.000000000000	   8554.000000000000	   1821.000000000000	    727.032000000000	    724.377500000000	  13516.000000000000	      0.000000000000	      2.231621303915	      0.386743828556	      0.082331133014	      0.611085993309
724.637100	  143	  48863.000000000000	  22138.000000000000	   8509.000000000000	   1853.000000000000	    727.290000000000	    724.637100000000	  13405.000000000000	      0.000000000000	      2.207200289096	      0.384361730960	      0.083702231457	      0.605519920499
724.880400	  144	  48439.000000000000	  22149.000000000000	   8428.000000000000	   2069.000000000000	    727.482000000000	    724.880400000000	  13306.000000000000	      0.000000000000	      2.186961036616	      0.380513792948	      0.093412795160	      0.600749469502
725.154000	  145	  48123.000000000000	  22180.000000000000	   8414.000000000000	   2082.000000000000	    727.722000000000	    725.154000000000	  13201.000000000000	      0.000000000000	      2.169657348963	      0.379350766456	      0.093868349865	      0.595175834085
725.396100	  146	  47848.000000000000	  22200.000000000000	   8369.000000000000	   1856.000000000000	    727.932000000000	    725.396100000000	  13123.000000000000	      0.000000000000	      2.155315315315	      0.376981981982	      0.083603603604	      0.591126126126
725.674500	  147	  47604.000000000000	  22213.000000000000	   8338.000000000000	   1822.000000000000	    728.176000000000	    725.674500000000	  13069.000000000000	      0.000000000000	      2.143069373790	      0.375365776797	      0.082024039977	      0.588349164903
725.915800	  148	  47414.000000000000	  22237.000000000000	   8318.000000000000	   1979.000000000000	    728.374000000000	    725.915800000000	  13063.000000000000	      0.000000000000	      2.132212078967	      0.374061249269	      0.088995817781	      0.587444349508
726.179800	  149	  47249.000000000000	  22257.000000000000	   8260.000000000000	   2117.000000000000	    728.606000000000	    726.179800000000	  12972.000000000000	      0.000000000000	      2.122882688592	      0.371119198454	      0.095116143236	      0.582827874377
726.423600	  150	  47111.000000000000	  22275.000000000000	   8233.000000000000	   1935.000000000000	    728.855000000000	    726.423600000000	  12898.000000000000	      0.000000000000	      2.114971941639	      0.369607182941	      0.086868686869	      0.579034792368
726.666500	  151	  47039.000000000000	  22311.000000000000	   8246.000000000000	   1804.000000000000	    729.066000000000	    726.666500000000	  12853.000000000000	      0.000000000000	      2.108332212810	      0.369593474071	      0.080856976379	      0.576083546233
726.905700	  152	  46912.000000000000	  22325.000000000000	   8207.000000000000	   1908.000000000000	    729.271000000000	    726.905700000000	  12860.000000000000	      0.000000000000	      2.101321388578	      0.367614781635	      0.085464725644	      0.576035834267
727.132500	  153	  46847.000000000000	  22358.000000000000	   8199.000000000000	   2092.000000000000	    729.511000000000	    727.132500000000	  12837.000000000000	      0.000000000000	      2.095312639771	      0.366714375168	      0.093568297701	      0.574156901333
727.356600	  154	  46791.000000000000	  22381.000000000000	   8198.000000000000	   2018.000000000000	    729.734000000000	    727.356600000000	  12781.000000000000	      0.000000000000	      2.090657253921	      0.366292837675	      0.090165765605	      0.571064742415
727.589600	  155	  46717.000000000000	  22399.000000000000	   8169.000000000000	   1831.000000000000	    729.953000000000	    727.589600000000	  12742.000000000000	      0.000000000000	      2.085673467566	      0.364703781419	      0.081744720746	      0.568864681459
727.813400	  156	  46668.000000000000	  22417.000000000000	   8162.000000000000	   1836.000000000000	    730.186000000000	    727.813400000000	  12756.000000000000	      0.000000000000	      2.081812909845	      0.364098675113	      0.081902127849	      0.569032430745
728.022500	  157	  46633.000000000000	  22446.000000000000	   8145.000000000000	   2035.000000000000	    730.387000000000	    728.022500000000	  12735.000000000000	      0.000000000000	      2.077563931213	      0.362870890136	      0.090662033324	      0.567361668003
728.259900	  158	  46644.000000000000	  22486.000000000000	   8139.000000000000	   2078.000000000000	    730.649000000000	    728.259900000000	  12763.000000000000	      0.000000000000	      2.074357377924	      0.361958551988	      0.092413057013	      0.567597616295
728.466400	  159	  46642.000000000000	  22518.000000000000	   8146.000000000000	   1904.000000000000	    730.852000000000	    728.466400000000	  12770.000000000000	      0.000000000000	      2.071320721201	      0.361755040412	      0.084554578559	      0.567101874056
728.713500	  160	  46649.000000000000	  22548.000000000000	   8126.000000000000	   1825.000000000000	    731.079000000000	    728.713500000000	  12726.000000000000	      0.000000000000	      2.068875288274	      0.360386730530	      0.080938442434	      0.564395955295
728.934700	  161	  46685.000000000000	  22598.000000000000	   8125.000000000000	   1949.000000000000	    731.274000000000	    728.934700000000	  12742.000000000000	      0.000000000000	      2.065890786795	      0.359545092486	      0.086246570493	      0.563855208426
729.198600	  162	  46737.000000000000	  22641.000000000000	   8109.000000000000	   2086.000000000000	    731.540000000000	    729.198600000000	  12769.000000000000	      0.000000000000	      2.064263945939	      0.358155558500	      0.092133739676	      0.563976856146
729.435700	  163	  46779.000000000000	  22678.000000000000	   8151.000000000000	   2009.000000000000	    731.747000000000	    729.435700000000	  12790.000000000000	      0.000000000000	      2.062748037746	      0.359423229562	      0.088588058912	      0.563982714525
729.702800	  164	  46824.000000000000	  22721.000000000000	   8102.000000000000	   1843.000000000000	    731.991000000000	    729.702800000000	  12808.000000000000	      0.000000000000	      2.060824787641	      0.356586417851	      0.081114387571	      0.563707583293
729.954000	  165	  46881.000000000000	  22758.000000000000	   8105.000000000000	   1848.000000000000	    732.182000000000	    729.954000000000	  12842.000000000000	      0.000000000000	      2.059978908516	      0.356138500747	      0.081202214606	      0.564285086563
730.238600	  166	  46909.000000000000	  22793.000000000000	   8103.000000000000	   2026.000000000000	    732.417000000000	    730.238600000000	  12882.000000000000	      0.000000000000	      2.058044136358	      0.355503882771	      0.088886938972	      0.565173518185
730.501900	  167	  46988.000000000000	  22842.000000000000	   8130.000000000000	   2103.000000000000	    732.624000000000	    730.501900000000	  12892.000000000000	      0.000000000000	      2.057087820681	      0.355923299186	      0.092067244550	      0.564398914281
730.789800	  168	  47000.000000000000	  22873.000000000000	   8093.000000000000	   1914.000000000000	    732.868000000000	    730.789800000000	  12934.000000000000	      0.000000000000	      2.054824465527	      0.353823285096	      0.083679447383	      0.565470205045
731.050600	  169	  47068.000000000000	  22922.000000000000	   8138.000000000000	   1802.000000000000	    733.069000000000	    731.050600000000	  12998.000000000000	      0.000000000000	      2.053398481808	      0.355030102085	      0.078614431550	      0.567053485734
731.332900	  170	  47114.000000000000	  22955.000000000000	   8110.000000000000	   1933.000000000000	    733.311000000000	    731.332900000000	  13020.000000000000	      0.000000000000	      2.052450446526	      0.353299934655	      0.084208233500	      0.567196689174
731.587400	  171	  47136.000000000000	  22980.000000000000	   8117.000000000000	   2104.000000000000	    733.531000000000	    731.587400000000	  13076.000000000000	      0.000000000000	      2.051174934726	      0.353220191471	      0.091557876414	      0.569016536118
731.867800	  172	  47212.000000000000	  23021.000000000000	   8118.000000000000	   2005.000000000000	    733.756000000000	    731.867800000000	  13141.000000000000	      0.000000000000	      2.050823161461	      0.352634551062	      0.087094392077	      0.570826636549
732.116000	  173	  47307.000000000000	  23060.000000000000	   8111.000000000000	   1828.000000000000	    733.971000000000	    732.116000000000	  13119.000000000000	      0.000000000000	      2.051474414571	      0.351734605377	      0.079271465742	      0.568907198612
732.375600	  174	  47339.000000000000	  23084.000000000000	   8110.000000000000	   1839.000000000000	    734.203000000000	    732.375600000000	  13208.000000000000	      0.000000000000	      2.050727776815	      0.351325593485	      0.079665569225	      0.572171200832
732.609100	  175	  47417.000000000000	  23120.000000000000	   8123.000000000000	   2062.000000000000	    734.412000000000	    732.609100000000	  13213.000000000000	      0.000000000000	      2.050908304498	      0.351340830450	      0.089186851211	      0.571496539792
732.874100	  176	  47522.000000000000	  23165.000000000000	   8129.000000000000	   2078.000000000000	    734.653000000000	    732.874100000000	  13292.000000000000	      0.000000000000	      2.051456939348	      0.350917332182	      0.089704295273	      0.573796676020
733.106200	  177	  47632.000000000000	  23206.000000000000	   8145.000000000000	   1874.000000000000	    734.852000000000	    733.106200000000	  13352.000000000000	      0.000000000000	      2.052572610532	      0.350986813755	      0.080754977161	      0.575368439197
733.359200	  178	  47732.000000000000	  23235.000000000000	   8145.000000000000	   1818.000000000000	    735.120000000000	    733.359200000000	  13388.000000000000	      0.000000000000	      2.054314611577	      0.350548741123	      0.078244028405	      0.576199698730
733.586000	  179	  47843.000000000000	  23277.000000000000	   8148.000000000000	   1976.000000000000	    735.305000000000	    733.586000000000	  13458.000000000000	      0.000000000000	      2.055376551961	      0.350045108906	      0.084890664605	      0.578167289599
733.828200	  180	  47959.000000000000	  23312.000000000000	   8156.000000000000	   2104.000000000000	    735.580000000000	    733.828200000000	  13534.000000000000	      0.000000000000	      2.057266643789	      0.349862731640	      0.090253946465	      0.580559368566
734.060300	  181	  48077.000000000000	  23351.000000000000	   8146.000000000000	   1950.000000000000	    735.738000000000	    734.060300000000	  13570.000000000000	      0.000000000000	      2.058883987838	      0.348850156310	      0.083508200934	      0.581131429061
734.298800	  182	  48176.000000000000	  23388.000000000000	   8153.000000000000	   1796.000000000000	    736.013000000000	    734.298800000000	  13650.000000000000	      0.000000000000	      2.059859757140	      0.348597571404	      0.076791517017	      0.583632632119
734.528500	  183	  48260.000000000000	  23416.000000000000	   8166.000000000000	   1880.000000000000	    736.200000000000	    734.528500000000	  13763.000000000000	      0.000000000000	      2.060983942603	      0.348735907072	      0.080286983259	      0.587760505637
734.769000	  184	  48326.000000000000	  23440.000000000000	   8144.000000000000	   2093.000000000000	    736.430000000000	    734.769000000000	  13782.000000000000	      0.000000000000	      2.061689419795	      0.347440273038	      0.089291808874	      0.587969283276
735.017500	  185	  48442.000000000000	  23489.000000000000	   8170.000000000000	   2046.000000000000	    736.686000000000	    735.017500000000	  13863.000000000000	      0.000000000000	      2.062327046703	      0.347822384946	      0.087104602154	      0.590191153306
735.264500	  186	  48515.000000000000	  23508.000000000000	   8159.000000000000	   1845.000000000000	    736.859000000000	    735.264500000000	  13971.000000000000	      0.000000000000	      2.063765526629	      0.347073336736	      0.078483920368	      0.594308320572
735.518500	  187	  48593.000000000000	  23540.000000000000	   8180.000000000000	   1833.000000000000	    737.132000000000	    735.518500000000	  14039.000000000000	      0.000000000000	      2.064273576890	      0.347493627867	      0.077867459643	      0.596389124894
735.783300	  188	  48686.000000000000	  23569.000000000000	   8173.000000000000	   2004.000000000000	    737.354000000000	    735.783300000000	  14116.000000000000	      0.000000000000	      2.065679494251	      0.346769061055	      0.085026942170	      0.598922313208
736.079900	  189	  48783.000000000000	  23599.000000000000	   8167.000000000000	   2080.000000000000	    737.575000000000	    736.079900000000	  14193.000000000000	      0.000000000000	      2.067163862876	      0.346073986186	      0.088139327938	      0.601423789144
736.343400	  190	  48861.000000000000	  23629.000000000000	   8192.000000000000	   1913.000000000000	    737.803000000000	    736.343400000000	  14257.000000000000	      0.000000000000	      2.067840365652	      0.346692623471	      0.080959837488	      0.603368741800
736.643300	  191	  49005.000000000000	  23670.000000000000	   8186.000000000000	   1816.000000000000	    738.009000000000	    736.643300000000	  14367.000000000000	      0.000000000000	      2.070342205323	      0.345838614280	      0.076721588509	      0.606970849176
736.897600	  192	  49079.000000000000	  23693.000000000000	   8206.000000000000	   1924.000000000000	    738.210000000000	    736.897600000000	  14458.000000000000	      0.000000000000	      2.071455704216	      0.346347022327	      0.081205419322	      0.610222428565
737.187700	  193	  49185.000000000000	  23719.000000000000	   8204.000000000000	   2097.000000000000	    738.457000000000	    737.187700000000	  14488.000000000000	      0.000000000000	      2.073654032632	      0.345883047346	      0.088410135335	      0.610818331296
737.437900	  194	  49252.000000000000	  23742.000000000000	   8191.000000000000	   2031.000000000000	    738.693000000000	    737.437900000000	  14600.000000000000	      0.000000000000	      2.074467188948	      0.345000421195	      0.085544604498	      0.614943981130
737.713700	  195	  49318.000000000000	  23764.000000000000	   8204.000000000000	   1843.000000000000	    738.870000000000	    737.713700000000	  14703.000000000000	      0.000000000000	      2.075324019525	      0.345228076081	      0.077554283791	      0.618708971554
737.950600	  196	  49380.000000000000	  23783.000000000000	   8200.000000000000	   1843.000000000000	    739.127000000000	    737.950600000000	  14777.000000000000	      0.000000000000	      2.076272968086	      0.344784089476	      0.077492326452	      0.621326157339
738.216700	  197	  49465.000000000000	  23811.000000000000	   8206.000000000000	   2020.000000000000	    739.345000000000	    738.216700000000	  14861.000000000000	      0.000000000000	      2.077401201126	      0.344630632901	      0.084834740246	      0.624123304355
738.438000	  198	  49497.000000000000	  23831.000000000000	   8195.000000000000	   2120.000000000000	    739.567000000000	    738.438000000000	  14939.000000000000	      0.000000000000	      2.077000545508	      0.343879820402	      0.088959758298	      0.626872560950
738.667400	  199	  49526.000000000000	  23849.000000000000	   8170.000000000000	   1923.000000000000	    739.750000000000	    738.667400000000	  15041.000000000000	      0.000000000000	      2.076648916097	      0.342572015598	      0.080632311627	      0.630676338631
