 &SRS
 SRSRUN=236469,SRSDAT=2021124,SRSTIM=25928,
 SRSSTN='Bran',SRSPRJ='I06-1   ',SRSEXP='Emulator',
 SRSTLE='                                                            ',
 SRSCN1='        ',SRSCN2='        ',SRSCN3='        ',
<MetaDataAtStart>
command=scan fastEnergy 0.0 199.0 1.0 fesData 0 1
date='Wed Feb 24 14:59:27 2021'
beamenergy=3.00093294276
ringcurrent=297.759336813
iddgap=36.3853
iddtrp=-22.426
iddbrp=-22.426
idugap=100.0
idutrp=0.0
idubrp=0.0
pugap=155.004
pgmpitch=88.2676254732
pgmgratpitch=87.5558729387
cff=2.25
grating=400
pgmenergy=694.6743
denergy=694.674
uenergy=694.674
s1xgap=1.497
s1ygap=1.496
m1x=-5.0
m1pitch=-8509.0
m1qg=0.1212
m6x=3.0
m6yaw=-247.0
m6pitch=-10910.0
m6qg=0.0351
m7x=-1.4
m7pitch=6949.0
m7qg=9.9735
d9y=-16.000026
d10y=6.003
d11y=2.9
s6x=1.5147
s6xgap=1499.9
s6y=8.4885
s6ygap=20.068
iamp12_gain=10^7 V/A
magx=0.0
magy=0.0
magz=6.0
scmx=0.0
scmy=-4.0
scmth=3e-05
Tsample_mag=1.9
amp_scm_gain=5.0
amp_XABS_gain=6.0
amp_DDIFF_gain=5.0
m7y=-19.1
</MetaDataAtStart>
 &END
fastEnergy	pIndex	C1	C2	C3	C4	iddenergy	pgmenergy	C5	C6	idio	ifio	ifioft	ifiofb
694.947200	    0	  32087.000000000000	  21155.000000000000	   4975.000000000000	   1944.000000000000	    695.620000000000	    694.947200000000	   5982.000000000000	      0.000000000000	      1.516757267785	      0.235168990782	      0.091893169463	      0.282770030726
695.145800	    1	  32506.000000000000	  21368.000000000000	   4992.000000000000	   1828.000000000000	    695.620000000000	    695.145800000000	   6015.000000000000	      0.000000000000	      1.521246724073	      0.233620366904	      0.085548483714	      0.281495694496
695.372200	    2	  32781.000000000000	  21513.000000000000	   4986.000000000000	   1867.000000000000	    695.715000000000	    695.372200000000	   6052.000000000000	      0.000000000000	      1.523776321294	      0.231766838656	      0.086784734812	      0.281318272672
695.562600	    3	  32798.000000000000	  21519.000000000000	   4995.000000000000	   2027.000000000000	    695.912000000000	    695.562600000000	   6028.000000000000	      0.000000000000	      1.524141456387	      0.232120451694	      0.094195826944	      0.280124541103
695.767600	    4	  32822.000000000000	  21538.000000000000	   4987.000000000000	   2021.000000000000	    696.125000000000	    695.767600000000	   6048.000000000000	      0.000000000000	      1.523911226669	      0.231544247377	      0.093834153589	      0.280806017272
695.964200	    5	  32849.000000000000	  21557.000000000000	   4988.000000000000	   1876.000000000000	    696.346000000000	    695.964200000000	   6038.000000000000	      0.000000000000	      1.523820568725	      0.231386556571	      0.087025096256	      0.280094632834
696.165400	    6	  32869.000000000000	  21575.000000000000	   4998.000000000000	   1810.000000000000	    696.571000000000	    696.165400000000	   6023.000000000000	      0.000000000000	      1.523476245655	      0.231657010429	      0.083893395133	      0.279165701043
696.355200	    7	  32895.000000000000	  21588.000000000000	   5003.000000000000	   1949.000000000000	    696.784000000000	    696.355200000000	   6042.000000000000	      0.000000000000	      1.523763201779	      0.231749119881	      0.090281637947	      0.279877709839
696.567700	    8	  32902.000000000000	  21602.000000000000	   5017.000000000000	   2077.000000000000	    697.003000000000	    696.567700000000	   6033.000000000000	      0.000000000000	      1.523099712990	      0.232247014165	      0.096148504768	      0.279279696324
696.752700	    9	  32891.000000000000	  21595.000000000000	   4985.000000000000	   1958.000000000000	    697.234000000000	    696.752700000000	   6017.000000000000	      0.000000000000	      1.523084047233	      0.230840472332	      0.090669136374	      0.278629312341
696.969500	   10	  32892.000000000000	  21606.000000000000	   5004.000000000000	   1802.000000000000	    697.456000000000	    696.969500000000	   6030.000000000000	      0.000000000000	      1.522354901416	      0.231602332685	      0.083402758493	      0.279089141905
697.163800	   11	  32900.000000000000	  21616.000000000000	   4995.000000000000	   1860.000000000000	    697.685000000000	    697.163800000000	   6031.000000000000	      0.000000000000	      1.522020725389	      0.231078830496	      0.086047372317	      0.279006291636
697.386400	   12	  32899.000000000000	  21620.000000000000	   5018.000000000000	   2063.000000000000	    697.898000000000	    697.386400000000	   6016.000000000000	      0.000000000000	      1.521692876966	      0.232099907493	      0.095420906568	      0.278260869565
697.600200	   13	  32907.000000000000	  21625.000000000000	   5015.000000000000	   2036.000000000000	    698.127000000000	    697.600200000000	   6033.000000000000	      0.000000000000	      1.521710982659	      0.231907514451	      0.094150289017	      0.278982658960
697.837300	   14	  32901.000000000000	  21628.000000000000	   4995.000000000000	   1829.000000000000	    698.356000000000	    697.837300000000	   6024.000000000000	      0.000000000000	      1.521222489366	      0.230950619567	      0.084566302941	      0.278527834289
698.052800	   15	  32927.000000000000	  21645.000000000000	   5007.000000000000	   1811.000000000000	    698.577000000000	    698.052800000000	   6020.000000000000	      0.000000000000	      1.521228921229	      0.231323631324	      0.083668283668	      0.278124278124
698.302500	   16	  32938.000000000000	  21649.000000000000	   5020.000000000000	   1998.000000000000	    698.807000000000	    698.302500000000	   6012.000000000000	      0.000000000000	      1.521455956395	      0.231881380202	      0.092290636981	      0.277703358123
698.516800	   17	  32947.000000000000	  21663.000000000000	   5033.000000000000	   2091.000000000000	    699.034000000000	    698.516800000000	   6032.000000000000	      0.000000000000	      1.520888150302	      0.232331625352	      0.096524027143	      0.278447121821
698.753000	   18	  32941.000000000000	  21663.000000000000	   5006.000000000000	   1888.000000000000	    699.255000000000	    698.753000000000	   6041.000000000000	      0.000000000000	      1.520611180354	      0.231085260583	      0.087153210543	      0.278862576744
698.970100	   19	  32963.000000000000	  21673.000000000000	   5014.000000000000	   1787.000000000000	    699.475000000000	    698.970100000000	   6027.000000000000	      0.000000000000	      1.520924652794	      0.231347759886	      0.082452821483	      0.278087943524
699.203100	   20	  32977.000000000000	  21680.000000000000	   5035.000000000000	   1917.000000000000	    699.690000000000	    699.203100000000	   6027.000000000000	      0.000000000000	      1.521079335793	      0.232241697417	      0.088422509225	      0.277998154982
699.410300	   21	  32984.000000000000	  21683.000000000000	   5037.000000000000	   2093.000000000000	    699.913000000000	    699.410300000000	   6034.000000000000	      0.000000000000	      1.521191717013	      0.232301803256	      0.096527233316	      0.278282525481
699.632900	   22	  33006.000000000000	  21692.000000000000	   5044.000000000000	   1994.000000000000	    700.132000000000	    699.632900000000	   6036.000000000000	      0.000000000000	      1.521574774110	      0.232528120966	      0.091923289692	      0.278259266089
699.860800	   23	  33027.000000000000	  21701.000000000000	   5033.000000000000	   1808.000000000000	    700.362000000000	    699.860800000000	   6048.000000000000	      0.000000000000	      1.521911432653	      0.231924796092	      0.083314132989	      0.278696834247
700.075000	   24	  33036.000000000000	  21706.000000000000	   5040.000000000000	   1843.000000000000	    700.593000000000	    700.075000000000	   6027.000000000000	      0.000000000000	      1.521975490648	      0.232193863448	      0.084907398876	      0.277665161706
700.281700	   25	  33042.000000000000	  21706.000000000000	   5048.000000000000	   2037.000000000000	    700.822000000000	    700.281700000000	   6067.000000000000	      0.000000000000	      1.522251911914	      0.232562425136	      0.093845019810	      0.279507970147
700.472100	   26	  33079.000000000000	  21729.000000000000	   5037.000000000000	   2066.000000000000	    701.035000000000	    700.472100000000	   6045.000000000000	      0.000000000000	      1.522343412030	      0.231810023471	      0.095080307423	      0.278199641033
700.672400	   27	  33058.000000000000	  21721.000000000000	   5043.000000000000	   1859.000000000000	    701.259000000000	    700.672400000000	   6037.000000000000	      0.000000000000	      1.521937295705	      0.232171631140	      0.085585378205	      0.277933796787
700.867700	   28	  33070.000000000000	  21717.000000000000	   5052.000000000000	   1797.000000000000	    701.488000000000	    700.867700000000	   6077.000000000000	      0.000000000000	      1.522770180043	      0.232628816135	      0.082746235668	      0.279826863747
701.059000	   29	  33114.000000000000	  21742.000000000000	   5045.000000000000	   1948.000000000000	    701.722000000000	    701.059000000000	   6102.000000000000	      0.000000000000	      1.523042958330	      0.232039370803	      0.089596173305	      0.280654953546
701.246800	   30	  33139.000000000000	  21754.000000000000	   5073.000000000000	   2104.000000000000	    701.935000000000	    701.246800000000	   6100.000000000000	      0.000000000000	      1.523352027213	      0.233198492231	      0.096717844994	      0.280408200791
701.449600	   31	  33172.000000000000	  21756.000000000000	   5063.000000000000	   1941.000000000000	    702.156000000000	    701.449600000000	   6095.000000000000	      0.000000000000	      1.524728810443	      0.232717411289	      0.089216767788	      0.280152601581
701.626900	   32	  33182.000000000000	  21762.000000000000	   5086.000000000000	   1797.000000000000	    702.386000000000	    701.626900000000	   6126.000000000000	      0.000000000000	      1.524767944123	      0.233710136936	      0.082575130962	      0.281499862145
701.834000	   33	  33222.000000000000	  21776.000000000000	   5089.000000000000	   1878.000000000000	    702.613000000000	    701.834000000000	   6176.000000000000	      0.000000000000	      1.525624540779	      0.233697648788	      0.086241734019	      0.283614988979
702.025800	   34	  33230.000000000000	  21778.000000000000	   5090.000000000000	   2065.000000000000	    702.841000000000	    702.025800000000	   6165.000000000000	      0.000000000000	      1.525851777023	      0.233722104876	      0.094820461016	      0.283083846083
702.241300	   35	  33262.000000000000	  21782.000000000000	   5099.000000000000	   2029.000000000000	    703.064000000000	    702.241300000000	   6189.000000000000	      0.000000000000	      1.527040675787	      0.234092369847	      0.093150307593	      0.284133688367
702.438500	   36	  33304.000000000000	  21789.000000000000	   5096.000000000000	   1826.000000000000	    703.292000000000	    702.438500000000	   6224.000000000000	      0.000000000000	      1.528477672220	      0.233879480472	      0.083803754188	      0.285648721832
702.658400	   37	  33315.000000000000	  21792.000000000000	   5120.000000000000	   1828.000000000000	    703.511000000000	    702.658400000000	   6283.000000000000	      0.000000000000	      1.528772026432	      0.234948604993	      0.083883994126	      0.288316813510
702.874900	   38	  33350.000000000000	  21800.000000000000	   5152.000000000000	   2004.000000000000	    703.731000000000	    702.874900000000	   6297.000000000000	      0.000000000000	      1.529816513761	      0.236330275229	      0.091926605505	      0.288853211009
703.117200	   39	  33408.000000000000	  21809.000000000000	   5141.000000000000	   2091.000000000000	    703.958000000000	    703.117200000000	   6348.000000000000	      0.000000000000	      1.531844651291	      0.235728369022	      0.095877848595	      0.291072493007
703.338600	   40	  33459.000000000000	  21819.000000000000	   5155.000000000000	   1896.000000000000	    704.184000000000	    703.338600000000	   6421.000000000000	      0.000000000000	      1.533479994500	      0.236261973509	      0.086896741372	      0.294284797653
703.580700	   41	  33486.000000000000	  21812.000000000000	   5171.000000000000	   1789.000000000000	    704.415000000000	    703.580700000000	   6483.000000000000	      0.000000000000	      1.535209976160	      0.237071336879	      0.082019072070	      0.297221712819
703.807000	   42	  33554.000000000000	  21811.000000000000	   5186.000000000000	   1922.000000000000	    704.622000000000	    703.807000000000	   6571.000000000000	      0.000000000000	      1.538398056027	      0.237769932603	      0.088120673055	      0.301270001375
704.057700	   43	  33659.000000000000	  21824.000000000000	   5206.000000000000	   2090.000000000000	    704.848000000000	    704.057700000000	   6655.000000000000	      0.000000000000	      1.542292888563	      0.238544721408	      0.095766129032	      0.304939516129
704.286900	   44	  33767.000000000000	  21831.000000000000	   5237.000000000000	   1997.000000000000	    705.080000000000	    704.286900000000	   6789.000000000000	      0.000000000000	      1.546745453713	      0.239888232330	      0.091475424855	      0.310979799368
704.518300	   45	  33902.000000000000	  21831.000000000000	   5278.000000000000	   1808.000000000000	    705.309000000000	    704.518300000000	   6934.000000000000	      0.000000000000	      1.552929320691	      0.241766295635	      0.082818011085	      0.317621730567
704.727100	   46	  34050.000000000000	  21829.000000000000	   5305.000000000000	   1845.000000000000	    705.527000000000	    704.727100000000	   7129.000000000000	      0.000000000000	      1.559851573595	      0.243025333272	      0.084520591873	      0.326583902149
704.967600	   47	  34283.000000000000	  21833.000000000000	   5371.000000000000	   2027.000000000000	    705.759000000000	    704.967600000000	   7421.000000000000	      0.000000000000	      1.570237713553	      0.246003755783	      0.092841112078	      0.339898319058
705.168900	   48	  34674.000000000000	  21849.000000000000	   5442.000000000000	   2058.000000000000	    705.984000000000	    705.168900000000	   7738.000000000000	      0.000000000000	      1.586983385967	      0.249073184127	      0.094191953865	      0.354158085038
705.395200	   49	  35376.000000000000	  21850.000000000000	   5544.000000000000	   1880.000000000000	    706.200000000000	    705.395200000000	   8286.000000000000	      0.000000000000	      1.619038901602	      0.253729977117	      0.086041189931	      0.379221967963
705.592100	   50	  36596.000000000000	  21853.000000000000	   5728.000000000000	   1804.000000000000	    706.431000000000	    705.592100000000	   9068.000000000000	      0.000000000000	      1.674644213609	      0.262115041413	      0.082551594747	      0.414954468494
705.797400	   51	  38507.000000000000	  21859.000000000000	   6107.000000000000	   1933.000000000000	    706.649000000000	    705.797400000000	  10486.000000000000	      0.000000000000	      1.761608490782	      0.279381490462	      0.088430394803	      0.479710874239
705.983600	   52	  42641.000000000000	  21862.000000000000	   6863.000000000000	   2094.000000000000	    706.872000000000	    705.983600000000	  12561.000000000000	      0.000000000000	      1.950461988839	      0.313923703229	      0.095782636538	      0.574558594822
706.181300	   53	  48542.000000000000	  21857.000000000000	   7740.000000000000	   1977.000000000000	    707.098000000000	    706.181300000000	  14653.000000000000	      0.000000000000	      2.220890332617	      0.354119961568	      0.090451571579	      0.670403074530
706.358900	   54	  54068.000000000000	  21851.000000000000	   8495.000000000000	   1824.000000000000	    707.332000000000	    706.358900000000	  16176.000000000000	      0.000000000000	      2.474394764542	      0.388769392705	      0.083474440529	      0.740286485744
706.567200	   55	  59273.000000000000	  21833.000000000000	   9037.000000000000	   1861.000000000000	    707.554000000000	    706.567200000000	  17046.000000000000	      0.000000000000	      2.714835340998	      0.413914716255	      0.085237942564	      0.780744744195
706.756500	   56	  64556.000000000000	  21845.000000000000	   9442.000000000000	   2060.000000000000	    707.779000000000	    706.756500000000	  17424.000000000000	      0.000000000000	      2.955184252689	      0.432227054246	      0.094300755322	      0.797619592584
706.945800	   57	  69501.000000000000	  21855.000000000000	   9716.000000000000	   2061.000000000000	    708.007000000000	    706.945800000000	  17497.000000000000	      0.000000000000	      3.180096087852	      0.444566460764	      0.094303363075	      0.800594829558
707.140400	   58	  73876.000000000000	  21844.000000000000	   9800.000000000000	   1881.000000000000	    708.219000000000	    707.140400000000	  17188.000000000000	      0.000000000000	      3.381981322102	      0.448635780992	      0.086110602454	      0.786852224867
707.346100	   59	  76303.000000000000	  21844.000000000000	   9868.000000000000	   1814.000000000000	    708.444000000000	    707.346100000000	  16608.000000000000	      0.000000000000	      3.493087346640	      0.451748763963	      0.083043398645	      0.760300311298
707.550400	   60	  78218.000000000000	  21843.000000000000	   9839.000000000000	   1980.000000000000	    708.676000000000	    707.550400000000	  15932.000000000000	      0.000000000000	      3.580918372018	      0.450441789132	      0.090646889164	      0.729386988967
707.771400	   61	  79628.000000000000	  21859.000000000000	   9807.000000000000	   2108.000000000000	    708.890000000000	    707.771400000000	  15260.000000000000	      0.000000000000	      3.642801592022	      0.448648154078	      0.096436250515	      0.698110618052
707.977400	   62	  77647.000000000000	  21866.000000000000	   9749.000000000000	   1965.000000000000	    709.122000000000	    707.977400000000	  14850.000000000000	      0.000000000000	      3.551038141407	      0.445852007683	      0.089865544681	      0.679136559041
708.205500	   63	  74978.000000000000	  21864.000000000000	   9717.000000000000	   1793.000000000000	    709.333000000000	    708.205500000000	  14812.000000000000	      0.000000000000	      3.429290157336	      0.444429198683	      0.082006952067	      0.677460665935
708.411300	   64	  75124.000000000000	  21881.000000000000	   9774.000000000000	   1895.000000000000	    709.569000000000	    708.411300000000	  14902.000000000000	      0.000000000000	      3.433298295325	      0.446688908185	      0.086604816964	      0.681047484119
708.655400	   65	  77761.000000000000	  21887.000000000000	   9805.000000000000	   2084.000000000000	    709.793000000000	    708.655400000000	  15019.000000000000	      0.000000000000	      3.552839585142	      0.447982820853	      0.095216338466	      0.686206423905
708.860400	   66	  81680.000000000000	  21895.000000000000	   9827.000000000000	   2051.000000000000	    710.017000000000	    708.860400000000	  15030.000000000000	      0.000000000000	      3.730532084951	      0.448823932405	      0.093674354876	      0.686458095456
709.094300	   67	  84593.000000000000	  21890.000000000000	   9804.000000000000	   1840.000000000000	    710.237000000000	    709.094300000000	  14869.000000000000	      0.000000000000	      3.864458656921	      0.447875742348	      0.084056646871	      0.679259936044
709.301100	   68	  85045.000000000000	  21891.000000000000	   9688.000000000000	   1840.000000000000	    710.479000000000	    709.301100000000	  14515.000000000000	      0.000000000000	      3.884929879859	      0.442556301676	      0.084052807090	      0.663057877667
709.535300	   69	  82641.000000000000	  21898.000000000000	   9517.000000000000	   2021.000000000000	    710.684000000000	    709.535300000000	  13969.000000000000	      0.000000000000	      3.773906292812	      0.434605900082	      0.092291533473	      0.637912138095
709.730300	   70	  77702.000000000000	  21896.000000000000	   9298.000000000000	   2096.000000000000	    710.912000000000	    709.730300000000	  13392.000000000000	      0.000000000000	      3.548684691268	      0.424643770552	      0.095725246620	      0.611618560468
709.939600	   71	  72213.000000000000	  21890.000000000000	   9070.000000000000	   1897.000000000000	    711.175000000000	    709.939600000000	  12780.000000000000	      0.000000000000	      3.298903608954	      0.414344449520	      0.086660575605	      0.583828232069
710.121700	   72	  67391.000000000000	  21885.000000000000	   8878.000000000000	   1797.000000000000	    711.366000000000	    710.121700000000	  12299.000000000000	      0.000000000000	      3.079323737720	      0.405665981266	      0.082111034955	      0.561983093443
710.334900	   73	  63896.000000000000	  21878.000000000000	   8705.000000000000	   1951.000000000000	    711.584000000000	    710.334900000000	  11878.000000000000	      0.000000000000	      2.920559466130	      0.397888289606	      0.089176341530	      0.542919828138
710.522500	   74	  61038.000000000000	  21869.000000000000	   8589.000000000000	   2116.000000000000	    711.812000000000	    710.522500000000	  11555.000000000000	      0.000000000000	      2.791074123188	      0.392747725090	      0.096757967900	      0.528373496731
710.713300	   75	  58777.000000000000	  21867.000000000000	   8501.000000000000	   1984.000000000000	    712.034000000000	    710.713300000000	  11277.000000000000	      0.000000000000	      2.687931586409	      0.388759317693	      0.090730324233	      0.515708602003
710.892700	   76	  56890.000000000000	  21856.000000000000	   8368.000000000000	   1805.000000000000	    712.272000000000	    710.892700000000	  11088.000000000000	      0.000000000000	      2.602946559297	      0.382869692533	      0.082586017570	      0.507320644217
711.076300	   77	  55341.000000000000	  21841.000000000000	   8304.000000000000	   1862.000000000000	    712.486000000000	    711.076300000000	  10923.000000000000	      0.000000000000	      2.533812554370	      0.380202371686	      0.085252506753	      0.500114463623
711.253200	   78	  54107.000000000000	  21833.000000000000	   8212.000000000000	   2059.000000000000	    712.718000000000	    711.253200000000	  10770.000000000000	      0.000000000000	      2.478221041543	      0.376127879815	      0.094306783310	      0.493289973893
711.439700	   79	  53013.000000000000	  21824.000000000000	   8164.000000000000	   2066.000000000000	    712.928000000000	    711.439700000000	  10582.000000000000	      0.000000000000	      2.429114736070	      0.374083577713	      0.094666422287	      0.484879032258
711.599900	   80	  52054.000000000000	  21809.000000000000	   8068.000000000000	   1855.000000000000	    713.164000000000	    711.599900000000	  10467.000000000000	      0.000000000000	      2.386812783713	      0.369939016003	      0.085056627998	      0.479939474529
711.777100	   81	  51214.000000000000	  21802.000000000000	   8052.000000000000	   1805.000000000000	    713.425000000000	    711.777100000000	  10355.000000000000	      0.000000000000	      2.349050545821	      0.369323915237	      0.082790569673	      0.474956426016
711.939600	   82	  50440.000000000000	  21775.000000000000	   7985.000000000000	   1980.000000000000	    713.635000000000	    711.939600000000	  10216.000000000000	      0.000000000000	      2.316417910448	      0.366704936854	      0.090929965557	      0.469161882893
712.126400	   83	  49750.000000000000	  21759.000000000000	   7873.000000000000	   2096.000000000000	    713.851000000000	    712.126400000000	  10082.000000000000	      0.000000000000	      2.286410221058	      0.361827289857	      0.096327956248	      0.463348499471
712.300100	   84	  49137.000000000000	  21759.000000000000	   7841.000000000000	   1955.000000000000	    714.060000000000	    712.300100000000	   9982.000000000000	      0.000000000000	      2.258237970495	      0.360356634036	      0.089847879039	      0.458752700032
712.482900	   85	  48543.000000000000	  21748.000000000000	   7775.000000000000	   1820.000000000000	    714.307000000000	    712.482900000000	   9853.000000000000	      0.000000000000	      2.232067316535	      0.357504138312	      0.083685856171	      0.453053154313
712.668500	   86	  48034.000000000000	  21744.000000000000	   7740.000000000000	   1903.000000000000	    714.517000000000	    712.668500000000	   9756.000000000000	      0.000000000000	      2.209069168506	      0.355960264901	      0.087518395879	      0.448675496689
712.859900	   87	  47493.000000000000	  21725.000000000000	   7673.000000000000	   2061.000000000000	    714.729000000000	    712.859900000000	   9649.000000000000	      0.000000000000	      2.186098964327	      0.353187571922	      0.094867663982	      0.444142692750
713.056300	   88	  46990.000000000000	  21716.000000000000	   7623.000000000000	   2012.000000000000	    714.963000000000	    713.056300000000	   9569.000000000000	      0.000000000000	      2.163842328237	      0.351031497513	      0.092650580217	      0.440642843986
713.261200	   89	  46507.000000000000	  21710.000000000000	   7606.000000000000	   1848.000000000000	    715.163000000000	    713.261200000000	   9501.000000000000	      0.000000000000	      2.142192538001	      0.350345462920	      0.085122063565	      0.437632427453
713.471000	   90	  46067.000000000000	  21707.000000000000	   7568.000000000000	   1836.000000000000	    715.397000000000	    713.471000000000	   9384.000000000000	      0.000000000000	      2.122218639149	      0.348643294790	      0.084581010734	      0.432302943751
713.669200	   91	  45608.000000000000	  21691.000000000000	   7518.000000000000	   2002.000000000000	    715.666000000000	    713.669200000000	   9313.000000000000	      0.000000000000	      2.102623207782	      0.346595362132	      0.092296344106	      0.429348577751
713.897300	   92	  45229.000000000000	  21693.000000000000	   7515.000000000000	   2096.000000000000	    715.870000000000	    713.897300000000	   9244.000000000000	      0.000000000000	      2.084958281473	      0.346425114092	      0.096621029825	      0.426128244134
714.104300	   93	  44838.000000000000	  21680.000000000000	   7458.000000000000	   1927.000000000000	    716.100000000000	    714.104300000000	   9205.000000000000	      0.000000000000	      2.068173431734	      0.344003690037	      0.088883763838	      0.424584870849
714.345400	   94	  44461.000000000000	  21671.000000000000	   7451.000000000000	   1797.000000000000	    716.306000000000	    714.345400000000	   9115.000000000000	      0.000000000000	      2.051635826681	      0.343823542984	      0.082921877163	      0.420608186055
714.546700	   95	  44123.000000000000	  21659.000000000000	   7416.000000000000	   1894.000000000000	    716.561000000000	    714.546700000000	   9045.000000000000	      0.000000000000	      2.037166997553	      0.342398079320	      0.087446327162	      0.417609307909
714.784400	   96	  43804.000000000000	  21645.000000000000	   7354.000000000000	   2086.000000000000	    716.750000000000	    714.784400000000	   8949.000000000000	      0.000000000000	      2.023746823747	      0.339755139755	      0.096373296373	      0.413444213444
714.990900	   97	  43520.000000000000	  21636.000000000000	   7359.000000000000	   2030.000000000000	    716.960000000000	    714.990900000000	   8879.000000000000	      0.000000000000	      2.011462377519	      0.340127565169	      0.093825106304	      0.410380846737
715.223500	   98	  43291.000000000000	  21642.000000000000	   7301.000000000000	   1828.000000000000	    717.199000000000	    715.223500000000	   8798.000000000000	      0.000000000000	      2.000323445153	      0.337353294520	      0.084465391369	      0.406524350799
715.418500	   99	  43084.000000000000	  21641.000000000000	   7286.000000000000	   1816.000000000000	    717.435000000000	    715.418500000000	   8722.000000000000	      0.000000000000	      1.990850700060	      0.336675754355	      0.083914791368	      0.403031283212
715.631700	  100	  42882.000000000000	  21637.000000000000	   7261.000000000000	   2026.000000000000	    717.650000000000	    715.631700000000	   8669.000000000000	      0.000000000000	      1.981882885797	      0.335582566899	      0.093635901465	      0.400656283219
715.819900	  101	  42687.000000000000	  21630.000000000000	   7237.000000000000	   2092.000000000000	    717.892000000000	    715.819900000000	   8581.000000000000	      0.000000000000	      1.973509015257	      0.334581599630	      0.096717521960	      0.396717521960
716.031700	  102	  42493.000000000000	  21622.000000000000	   7217.000000000000	   1912.000000000000	    718.100000000000	    716.031700000000	   8503.000000000000	      0.000000000000	      1.965266857830	      0.333780408843	      0.088428452502	      0.393256868005
716.212200	  103	  42293.000000000000	  21616.000000000000	   7228.000000000000	   1787.000000000000	    718.333000000000	    716.212200000000	   8472.000000000000	      0.000000000000	      1.956559955588	      0.334381939304	      0.082670244264	      0.391931902295
716.414600	  104	  42117.000000000000	  21612.000000000000	   7179.000000000000	   1936.000000000000	    718.545000000000	    716.414600000000	   8364.000000000000	      0.000000000000	      1.948778456413	      0.332176568573	      0.089579863039	      0.387007218212
716.587800	  105	  41953.000000000000	  21609.000000000000	   7207.000000000000	   2105.000000000000	    718.780000000000	    716.587800000000	   8323.000000000000	      0.000000000000	      1.941459577028	      0.333518441390	      0.097413114906	      0.385163589245
716.789400	  106	  41812.000000000000	  21604.000000000000	   7217.000000000000	   1999.000000000000	    718.992000000000	    716.789400000000	   8298.000000000000	      0.000000000000	      1.935382336604	      0.334058507684	      0.092529161266	      0.384095537863
716.961100	  107	  41693.000000000000	  21600.000000000000	   7207.000000000000	   1814.000000000000	    719.200000000000	    716.961100000000	   8243.000000000000	      0.000000000000	      1.930231481481	      0.333657407407	      0.083981481481	      0.381620370370
717.160300	  108	  41512.000000000000	  21557.000000000000	   7199.000000000000	   1850.000000000000	    719.490000000000	    717.160300000000	   8197.000000000000	      0.000000000000	      1.925685392216	      0.333951848587	      0.085818991511	      0.380247715359
717.327900	  109	  41388.000000000000	  21514.000000000000	   7189.000000000000	   2054.000000000000	    719.720000000000	    717.327900000000	   8138.000000000000	      0.000000000000	      1.923770568002	      0.334154504044	      0.095472715441	      0.378265315608
717.524000	  110	  41445.000000000000	  21550.000000000000	   7255.000000000000	   2066.000000000000	    719.892000000000	    717.524000000000	   8150.000000000000	      0.000000000000	      1.923201856148	      0.336658932715	      0.095870069606	      0.378190255220
717.703100	  111	  41463.000000000000	  21513.000000000000	   7286.000000000000	   1874.000000000000	    720.130000000000	    717.703100000000	   8145.000000000000	      0.000000000000	      1.927346255752	      0.338678938316	      0.087110119463	      0.378608283364
717.907400	  112	  41750.000000000000	  21561.000000000000	   7424.000000000000	   1814.000000000000	    720.330000000000	    717.907400000000	   8262.000000000000	      0.000000000000	      1.936366587821	      0.344325402347	      0.084133388989	      0.383191874217
718.103300	  113	  42134.000000000000	  21533.000000000000	   7545.000000000000	   1990.000000000000	    720.608000000000	    718.103300000000	   8419.000000000000	      0.000000000000	      1.956717596248	      0.350392420935	      0.092416291274	      0.390981284540
718.314900	  114	  42985.000000000000	  21567.000000000000	   7789.000000000000	   2104.000000000000	    720.834000000000	    718.314900000000	   8773.000000000000	      0.000000000000	      1.993091296889	      0.361153614318	      0.097556451987	      0.406778875133
718.539000	  115	  44306.000000000000	  21544.000000000000	   8107.000000000000	   1932.000000000000	    721.059000000000	    718.539000000000	   9378.000000000000	      0.000000000000	      2.056535462310	      0.376299665800	      0.089676940215	      0.435295209803
718.723400	  116	  46561.000000000000	  21594.000000000000	   8593.000000000000	   1805.000000000000	    721.249000000000	    718.723400000000	  10330.000000000000	      0.000000000000	      2.156200796518	      0.397934611466	      0.083588033713	      0.478373622302
718.960100	  117	  49203.000000000000	  21565.000000000000	   9106.000000000000	   1895.000000000000	    721.504000000000	    718.960100000000	  11475.000000000000	      0.000000000000	      2.281613725945	      0.422258288894	      0.087873869696	      0.532112218873
719.192600	  118	  51904.000000000000	  21610.000000000000	   9604.000000000000	   2102.000000000000	    721.731000000000	    719.192600000000	  12788.000000000000	      0.000000000000	      2.401850994910	      0.444423877834	      0.097269782508	      0.591763072652
719.415600	  119	  53964.000000000000	  21586.000000000000	   9960.000000000000	   2034.000000000000	    721.949000000000	    719.415600000000	  13901.000000000000	      0.000000000000	      2.499953673677	      0.461410173260	      0.094227740202	      0.643982210692
719.645200	  120	  55675.000000000000	  21635.000000000000	  10240.000000000000	   1834.000000000000	    722.170000000000	    719.645200000000	  14860.000000000000	      0.000000000000	      2.573376473307	      0.473307141206	      0.084770048532	      0.686850011555
719.880400	  121	  56752.000000000000	  21614.000000000000	  10345.000000000000	   1846.000000000000	    722.388000000000	    719.880400000000	  15500.000000000000	      0.000000000000	      2.625705561210	      0.478624965300	      0.085407606181	      0.717127787545
720.115100	  122	  57779.000000000000	  21673.000000000000	  10421.000000000000	   2022.000000000000	    722.619000000000	    720.115100000000	  15994.000000000000	      0.000000000000	      2.665943801043	      0.480828680847	      0.093295805841	      0.737968901398
720.343000	  123	  58443.000000000000	  21657.000000000000	  10415.000000000000	   2092.000000000000	    722.850000000000	    720.343000000000	  16215.000000000000	      0.000000000000	      2.698573209586	      0.480906866140	      0.096596943252	      0.748718659094
720.565700	  124	  58980.000000000000	  21702.000000000000	  10351.000000000000	   1898.000000000000	    723.052000000000	    720.565700000000	  16389.000000000000	      0.000000000000	      2.717721868952	      0.476960648788	      0.087457377200	      0.755183854023
720.802000	  125	  59232.000000000000	  21688.000000000000	  10281.000000000000	   1822.000000000000	    723.293000000000	    720.802000000000	  16390.000000000000	      0.000000000000	      2.731095536702	      0.474040944301	      0.084009590557	      0.755717447436
721.014000	  126	  59212.000000000000	  21724.000000000000	  10197.000000000000	   1964.000000000000	    723.518000000000	    721.014000000000	  16354.000000000000	      0.000000000000	      2.725649051740	      0.469388694531	      0.090406923219	      0.752807954336
721.240900	  127	  58512.000000000000	  21718.000000000000	  10067.000000000000	   2119.000000000000	    723.753000000000	    721.240900000000	  16299.000000000000	      0.000000000000	      2.694170733953	      0.463532553642	      0.097568836909	      0.750483469933
721.449400	  128	  57627.000000000000	  21766.000000000000	   9985.000000000000	   1981.000000000000	    723.961000000000	    721.449400000000	  16316.000000000000	      0.000000000000	      2.647569603969	      0.458742993660	      0.091013507305	      0.749609482679
721.671100	  129	  56582.000000000000	  21741.000000000000	   9899.000000000000	   1812.000000000000	    724.186000000000	    721.671100000000	  16283.000000000000	      0.000000000000	      2.602548180856	      0.455314842924	      0.083344832344	      0.748953589991
721.858800	  130	  55942.000000000000	  21805.000000000000	   9780.000000000000	   1875.000000000000	    724.405000000000	    721.858800000000	  16271.000000000000	      0.000000000000	      2.565558358175	      0.448520981426	      0.085989451961	      0.746204998853
722.080200	  131	  55272.000000000000	  21783.000000000000	   9653.000000000000	   2068.000000000000	    724.634000000000	    722.080200000000	  16117.000000000000	      0.000000000000	      2.537391543864	      0.443143735941	      0.094936418308	      0.739888904191
722.271800	  132	  54822.000000000000	  21835.000000000000	   9510.000000000000	   2075.000000000000	    724.852000000000	    722.271800000000	  15913.000000000000	      0.000000000000	      2.510739638196	      0.435539271811	      0.095030913671	      0.728784062285
722.491900	  133	  54264.000000000000	  21825.000000000000	   9328.000000000000	   1882.000000000000	    725.067000000000	    722.491900000000	  15659.000000000000	      0.000000000000	      2.486323024055	      0.427399770905	      0.086231386025	      0.717479954181
722.671800	  134	  53781.000000000000	  21884.000000000000	   9194.000000000000	   1831.000000000000	    725.294000000000	    722.671800000000	  15399.000000000000	      0.000000000000	      2.457548894169	      0.420124291720	      0.083668433559	      0.703664777920
722.885000	  135	  52955.000000000000	  21847.000000000000	   9057.000000000000	   1993.000000000000	    725.535000000000	    722.885000000000	  14924.000000000000	      0.000000000000	      2.423902595322	      0.414564928823	      0.091225339864	      0.683114386415
723.079800	  136	  52200.000000000000	  21919.000000000000	   8942.000000000000	   2077.000000000000	    725.750000000000	    723.079800000000	  14641.000000000000	      0.000000000000	      2.381495506182	      0.407956567362	      0.094757972535	      0.667959304713
723.299800	  137	  51213.000000000000	  21899.000000000000	   8807.000000000000	   1944.000000000000	    725.958000000000	    723.299800000000	  14262.000000000000	      0.000000000000	      2.338599936070	      0.402164482396	      0.088771176766	      0.651262614731
723.499700	  138	  50472.000000000000	  21965.000000000000	   8713.000000000000	   1820.000000000000	    726.196000000000	    723.499700000000	  14044.000000000000	      0.000000000000	      2.297837468700	      0.396676530845	      0.082859094013	      0.639380833144
723.723200	  139	  49658.000000000000	  21954.000000000000	   8654.000000000000	   1899.000000000000	    726.416000000000	    723.723200000000	  13793.000000000000	      0.000000000000	      2.261911269017	      0.394187847317	      0.086499043454	      0.628268197139
723.931000	  140	  49071.000000000000	  22020.000000000000	   8596.000000000000	   2071.000000000000	    726.643000000000	    723.931000000000	  13663.000000000000	      0.000000000000	      2.228474114441	      0.390372388738	      0.094050862852	      0.620481380563
724.169500	  141	  48395.000000000000	  22005.000000000000	   8524.000000000000	   2037.000000000000	    726.866000000000	    724.169500000000	  13470.000000000000	      0.000000000000	      2.199272892524	      0.387366507612	      0.092569870484	      0.612133605999
724.406000	  142	  47955.000000000000	  22071.000000000000	   8467.000000000000	   1871.000000000000	    727.077000000000	    724.406000000000	  13318.000000000000	      0.000000000000	      2.172760636129	      0.383625572018	      0.084771872593	      0.603416247565
724.665600	  143	  47429.000000000000	  22055.000000000000	   8426.000000000000	   1853.000000000000	    727.302000000000	    724.665600000000	  13200.000000000000	      0.000000000000	      2.150487417819	      0.382044887781	      0.084017229653	      0.598503740648
724.895300	  144	  47143.000000000000	  22116.000000000000	   8382.000000000000	   2001.000000000000	    727.539000000000	    724.895300000000	  13152.000000000000	      0.000000000000	      2.131624163502	      0.379001627781	      0.090477482366	      0.594682582746
725.168900	  145	  46746.000000000000	  22095.000000000000	   8345.000000000000	   2087.000000000000	    727.763000000000	    725.168900000000	  13075.000000000000	      0.000000000000	      2.115682281059	      0.377687259561	      0.094455759222	      0.591762842272
725.419200	  146	  46525.000000000000	  22155.000000000000	   8346.000000000000	   1928.000000000000	    727.967000000000	    725.419200000000	  12993.000000000000	      0.000000000000	      2.099977431731	      0.376709546378	      0.087023245317	      0.586459038592
725.691100	  147	  46236.000000000000	  22151.000000000000	   8278.000000000000	   1811.000000000000	    728.190000000000	    725.691100000000	  12885.000000000000	      0.000000000000	      2.087309827999	      0.373707733285	      0.081757031285	      0.581689314252
725.940600	  148	  46116.000000000000	  22223.000000000000	   8280.000000000000	   1913.000000000000	    728.423000000000	    725.940600000000	  12842.000000000000	      0.000000000000	      2.075147369842	      0.372586959456	      0.086081987130	      0.577869774558
726.203500	  149	  45857.000000000000	  22199.000000000000	   8239.000000000000	   2090.000000000000	    728.649000000000	    726.203500000000	  12835.000000000000	      0.000000000000	      2.065723681247	      0.371142844272	      0.094148385062	      0.578179197261
726.431400	  150	  45771.000000000000	  22261.000000000000	   8246.000000000000	   2010.000000000000	    728.874000000000	    726.431400000000	  12792.000000000000	      0.000000000000	      2.056107093123	      0.370423610799	      0.090292439693	      0.574637257985
726.685300	  151	  45580.000000000000	  22250.000000000000	   8233.000000000000	   1829.000000000000	    729.093000000000	    726.685300000000	  12775.000000000000	      0.000000000000	      2.048539325843	      0.370022471910	      0.082202247191	      0.574157303371
726.934400	  152	  45580.000000000000	  22332.000000000000	   8214.000000000000	   1847.000000000000	    729.306000000000	    726.934400000000	  12738.000000000000	      0.000000000000	      2.041017374172	      0.367813003761	      0.082706430235	      0.570392262225
727.165000	  153	  45435.000000000000	  22312.000000000000	   8192.000000000000	   2049.000000000000	    729.527000000000	    727.165000000000	  12730.000000000000	      0.000000000000	      2.036348153460	      0.367156686985	      0.091833990678	      0.570544998207
727.386900	  154	  45458.000000000000	  22380.000000000000	   8178.000000000000	   2088.000000000000	    729.748000000000	    727.386900000000	  12689.000000000000	      0.000000000000	      2.031188561215	      0.365415549598	      0.093297587131	      0.566979445934
727.606800	  155	  45355.000000000000	  22365.000000000000	   8165.000000000000	   1894.000000000000	    729.973000000000	    727.606800000000	  12696.000000000000	      0.000000000000	      2.027945450481	      0.365079365079	      0.084685893137	      0.567672702884
727.826800	  156	  45451.000000000000	  22450.000000000000	   8175.000000000000	   1810.000000000000	    730.199000000000	    727.826800000000	  12714.000000000000	      0.000000000000	      2.024543429844	      0.364142538976	      0.080623608018	      0.566325167038
728.053000	  157	  45393.000000000000	  22446.000000000000	   8126.000000000000	   1971.000000000000	    730.438000000000	    728.053000000000	  12685.000000000000	      0.000000000000	      2.022320235231	      0.362024414150	      0.087810745790	      0.565134099617
728.262200	  158	  45485.000000000000	  22521.000000000000	   8140.000000000000	   2109.000000000000	    730.643000000000	    728.262200000000	  12674.000000000000	      0.000000000000	      2.019670529728	      0.361440433373	      0.093645930465	      0.562763642822
728.496400	  159	  45475.000000000000	  22520.000000000000	   8137.000000000000	   1966.000000000000	    730.868000000000	    728.496400000000	  12686.000000000000	      0.000000000000	      2.019316163410	      0.361323268206	      0.087300177620	      0.563321492007
728.715800	  160	  45603.000000000000	  22593.000000000000	   8159.000000000000	   1819.000000000000	    731.106000000000	    728.715800000000	  12709.000000000000	      0.000000000000	      2.018457044217	      0.361129553401	      0.080511662904	      0.562519364405
728.975700	  161	  45647.000000000000	  22599.000000000000	   8132.000000000000	   1884.000000000000	    731.325000000000	    728.975700000000	  12671.000000000000	      0.000000000000	      2.019868135758	      0.359838930926	      0.083366520643	      0.560688526041
729.213100	  162	  45777.000000000000	  22688.000000000000	   8110.000000000000	   2091.000000000000	    731.548000000000	    729.213100000000	  12720.000000000000	      0.000000000000	      2.017674541608	      0.357457686883	      0.092163258110	      0.560648801128
729.467900	  163	  45749.000000000000	  22698.000000000000	   8103.000000000000	   2054.000000000000	    731.760000000000	    729.467900000000	  12751.000000000000	      0.000000000000	      2.015552031016	      0.356991805445	      0.090492554410	      0.561767556613
729.706700	  164	  45891.000000000000	  22786.000000000000	   8134.000000000000	   1849.000000000000	    731.975000000000	    729.706700000000	  12797.000000000000	      0.000000000000	      2.013999824454	      0.356973580269	      0.081146317915	      0.561616782235
729.992300	  165	  45902.000000000000	  22802.000000000000	   8136.000000000000	   1822.000000000000	    732.194000000000	    729.992300000000	  12788.000000000000	      0.000000000000	      2.013069029033	      0.356810806070	      0.079905271467	      0.560827997544
730.253200	  166	  46009.000000000000	  22892.000000000000	   8170.000000000000	   2010.000000000000	    732.428000000000	    730.253200000000	  12867.000000000000	      0.000000000000	      2.009828761139	      0.356893237812	      0.087803599511	      0.562074087017
730.533600	  167	  45999.000000000000	  22895.000000000000	   8146.000000000000	   2102.000000000000	    732.667000000000	    730.533600000000	  12861.000000000000	      0.000000000000	      2.009128630705	      0.355798209216	      0.091810438960	      0.561738370823
730.795400	  168	  46103.000000000000	  22979.000000000000	   8121.000000000000	   1922.000000000000	    732.874000000000	    730.795400000000	  12935.000000000000	      0.000000000000	      2.006310109230	      0.353409634884	      0.083641585796	      0.562905261326
731.085800	  169	  46093.000000000000	  22984.000000000000	   8134.000000000000	   1807.000000000000	    733.096000000000	    731.085800000000	  12947.000000000000	      0.000000000000	      2.005438565959	      0.353898364079	      0.078619909502	      0.563304907762
731.343500	  170	  46202.000000000000	  23064.000000000000	   8155.000000000000	   1930.000000000000	    733.319000000000	    731.343500000000	  13009.000000000000	      0.000000000000	      2.003208463406	      0.353581338883	      0.083680194242	      0.564039195283
731.623700	  171	  46184.000000000000	  23068.000000000000	   8142.000000000000	   2112.000000000000	    733.545000000000	    731.623700000000	  13018.000000000000	      0.000000000000	      2.002080804578	      0.352956476504	      0.091555401422	      0.564331541529
731.877400	  172	  46339.000000000000	  23156.000000000000	   8150.000000000000	   2010.000000000000	    733.764000000000	    731.877400000000	  13125.000000000000	      0.000000000000	      2.001166004491	      0.351960614959	      0.086802556573	      0.566807738815
732.147900	  173	  46474.000000000000	  23235.000000000000	   8175.000000000000	   1816.000000000000	    733.986000000000	    732.147900000000	  13154.000000000000	      0.000000000000	      2.000172154078	      0.351839896708	      0.078157951366	      0.566128685173
732.382400	  174	  46533.000000000000	  23265.000000000000	   8183.000000000000	   1859.000000000000	    734.205000000000	    732.382400000000	  13185.000000000000	      0.000000000000	      2.000128949065	      0.351730066624	      0.079905437352	      0.566731141199
732.649400	  175	  46583.000000000000	  23296.000000000000	   8175.000000000000	   2065.000000000000	    734.437000000000	    732.649400000000	  13220.000000000000	      0.000000000000	      1.999613667582	      0.350918612637	      0.088641826923	      0.567479395604
732.880900	  176	  46684.000000000000	  23336.000000000000	   8198.000000000000	   2082.000000000000	    734.661000000000	    732.880900000000	  13272.000000000000	      0.000000000000	      2.000514226945	      0.351302708262	      0.089218375043	      0.568735001714
733.135400	  177	  46785.000000000000	  23374.000000000000	   8181.000000000000	   1870.000000000000	    734.884000000000	    733.135400000000	  13390.000000000000	      0.000000000000	      2.001582955421	      0.350004278258	      0.080003422606	      0.572858731924
733.361500	  178	  46874.000000000000	  23409.000000000000	   8205.000000000000	   1805.000000000000	    735.102000000000	    733.361500000000	  13439.000000000000	      0.000000000000	      2.002392242300	      0.350506215558	      0.077107095562	      0.574095433380
733.619200	  179	  47015.000000000000	  23454.000000000000	   8197.000000000000	   1994.000000000000	    735.332000000000	    733.619200000000	  13459.000000000000	      0.000000000000	      2.004562121600	      0.349492623859	      0.085017481027	      0.573846678605
733.836100	  180	  47096.000000000000	  23479.000000000000	   8209.000000000000	   2105.000000000000	    735.549000000000	    733.836100000000	  13504.000000000000	      0.000000000000	      2.005877592742	      0.349631585672	      0.089654584948	      0.575152263725
734.090700	  181	  47222.000000000000	  23523.000000000000	   8218.000000000000	   1946.000000000000	    735.756000000000	    734.090700000000	  13606.000000000000	      0.000000000000	      2.007482038856	      0.349360200655	      0.082727543256	      0.578412617438
734.305100	  182	  47316.000000000000	  23551.000000000000	   8217.000000000000	   1795.000000000000	    735.984000000000	    734.305100000000	  13665.000000000000	      0.000000000000	      2.009086662987	      0.348902382064	      0.076217570379	      0.580230138848
734.546600	  183	  47380.000000000000	  23578.000000000000	   8201.000000000000	   1905.000000000000	    736.212000000000	    734.546600000000	  13719.000000000000	      0.000000000000	      2.009500381712	      0.347824242938	      0.080795656968	      0.581855967427
734.769600	  184	  47496.000000000000	  23620.000000000000	   8210.000000000000	   2097.000000000000	    736.448000000000	    734.769600000000	  13824.000000000000	      0.000000000000	      2.010838272650	      0.347586790855	      0.088780694327	      0.585266723116
735.038400	  185	  47602.000000000000	  23658.000000000000	   8218.000000000000	   2034.000000000000	    736.656000000000	    735.038400000000	  13910.000000000000	      0.000000000000	      2.012088933976	      0.347366641305	      0.085975145828	      0.587961788824
735.298400	  186	  47717.000000000000	  23691.000000000000	   8236.000000000000	   1829.000000000000	    736.883000000000	    735.298400000000	  13976.000000000000	      0.000000000000	      2.014140390866	      0.347642564687	      0.077202313115	      0.589928664894
735.553500	  187	  47795.000000000000	  23719.000000000000	   8238.000000000000	   1836.000000000000	    737.101000000000	    735.553500000000	  14063.000000000000	      0.000000000000	      2.015051224757	      0.347316497323	      0.077406298748	      0.592900206585
735.823900	  188	  47869.000000000000	  23750.000000000000	   8233.000000000000	   2028.000000000000	    737.333000000000	    735.823900000000	  14132.000000000000	      0.000000000000	      2.015536842105	      0.346652631579	      0.085389473684	      0.595031578947
736.103100	  189	  47973.000000000000	  23792.000000000000	   8227.000000000000	   2103.000000000000	    737.553000000000	    736.103100000000	  14234.000000000000	      0.000000000000	      2.016350033625	      0.345788500336	      0.088391055817	      0.598268325488
736.381300	  190	  48073.000000000000	  23827.000000000000	   8241.000000000000	   1907.000000000000	    737.758000000000	    736.381300000000	  14288.000000000000	      0.000000000000	      2.017585092542	      0.345868132791	      0.080035254123	      0.599655852604
736.652400	  191	  48149.000000000000	  23849.000000000000	   8247.000000000000	   1799.000000000000	    737.993000000000	    736.652400000000	  14391.000000000000	      0.000000000000	      2.018910646149	      0.345800662502	      0.075432932198	      0.603421527108
736.937800	  192	  48228.000000000000	  23877.000000000000	   8272.000000000000	   1958.000000000000	    738.206000000000	    736.937800000000	  14486.000000000000	      0.000000000000	      2.019851740168	      0.346442182854	      0.082003601793	      0.606692633078
737.198500	  193	  48309.000000000000	  23901.000000000000	   8255.000000000000	   2120.000000000000	    738.436000000000	    737.198500000000	  14532.000000000000	      0.000000000000	      2.021212501569	      0.345383038367	      0.088699217606	      0.608008033137
737.485500	  194	  48411.000000000000	  23931.000000000000	   8278.000000000000	   1981.000000000000	    738.664000000000	    737.485500000000	  14639.000000000000	      0.000000000000	      2.022940955246	      0.345911161255	      0.082779658184	      0.611717019765
737.725100	  195	  48478.000000000000	  23950.000000000000	   8273.000000000000	   1809.000000000000	    738.888000000000	    737.725100000000	  14695.000000000000	      0.000000000000	      2.024133611691	      0.345427974948	      0.075532359081	      0.613569937370
737.989800	  196	  48496.000000000000	  23950.000000000000	   8278.000000000000	   1880.000000000000	    739.112000000000	    737.989800000000	  14729.000000000000	      0.000000000000	      2.024885177453	      0.345636743215	      0.078496868476	      0.614989561587
738.225200	  197	  48635.000000000000	  23993.000000000000	   8252.000000000000	   2083.000000000000	    739.312000000000	    738.225200000000	  14853.000000000000	      0.000000000000	      2.027049556121	      0.343933647314	      0.086816988288	      0.619055557871
738.470400	  198	  48711.000000000000	  24015.000000000000	   8256.000000000000	   2057.000000000000	    739.538000000000	    738.470400000000	  14931.000000000000	      0.000000000000	      2.028357276702	      0.343785134291	      0.085654799084	      0.621736414741
738.684000	  199	  48789.000000000000	  24025.000000000000	   8277.000000000000	   1878.000000000000	    739.770000000000	    738.684000000000	  15004.000000000000	      0.000000000000	      2.030759625390	      0.344516129032	      0.078168574402	      0.624516129032
