 &SRS
 SRSRUN=236470,SRSDAT=2021124,SRSTIM=3125,
 SRSSTN='Bran',SRSPRJ='I06-1   ',SRSEXP='Emulator',
 SRSTLE='                                                            ',
 SRSCN1='        ',SRSCN2='        ',SRSCN3='        ',
<MetaDataAtStart>
command=scan fastEnergy 0.0 199.0 1.0 fesData 0 1
date='Wed Feb 24 15:01:25 2021'
beamenergy=3.00086344421
ringcurrent=301.657244813
iddgap=36.2785
iddtrp=22.4135
iddbrp=22.4135
idugap=100.0
idutrp=0.0
idubrp=0.0
pugap=155.004
pgmpitch=88.2676142796
pgmgratpitch=87.5559835937
cff=2.25
grating=400
pgmenergy=694.7942
denergy=694.794
uenergy=694.794
s1xgap=1.497
s1ygap=1.496
m1x=-5.0
m1pitch=-8509.0
m1qg=0.0267
m6x=3.0
m6yaw=-247.0
m6pitch=-10910.0
m6qg=0.0174
m7x=-1.4
m7pitch=6949.0
m7qg=6.6021
d9y=-16.000026
d10y=6.003
d11y=2.9
s6x=1.5147
s6xgap=1500.0
s6y=8.4885
s6ygap=20.068
iamp12_gain=10^7 V/A
magx=0.0
magy=0.0
magz=6.0
scmx=0.0
scmy=-4.0
scmth=3e-05
Tsample_mag=1.9
amp_scm_gain=5.0
amp_XABS_gain=6.0
amp_DDIFF_gain=5.0
m7y=-19.1
</MetaDataAtStart>
 &END
fastEnergy	pIndex	C1	C2	C3	C4	iddenergy	pgmenergy	C5	C6	idio	ifio	ifioft	ifiofb
694.932900	    0	  33264.000000000000	  22497.000000000000	   5267.000000000000	   1908.000000000000	    694.958000000000	    694.932900000000	   6375.000000000000	      0.000000000000	      1.478597146286	      0.234120104903	      0.084811308174	      0.283371116149
695.138600	    1	  33598.000000000000	  22666.000000000000	   5326.000000000000	   1821.000000000000	    694.958000000000	    695.138600000000	   6407.000000000000	      0.000000000000	      1.482308303185	      0.234977499338	      0.080340598253	      0.282670078532
695.370100	    2	  33895.000000000000	  22819.000000000000	   5328.000000000000	   1935.000000000000	    695.047000000000	    695.370100000000	   6433.000000000000	      0.000000000000	      1.485384986196	      0.233489635830	      0.084797756256	      0.281914194312
695.553400	    3	  33890.000000000000	  22820.000000000000	   5340.000000000000	   2074.000000000000	    695.257000000000	    695.553400000000	   6416.000000000000	      0.000000000000	      1.485100788782	      0.234005258545	      0.090885188431	      0.281156879930
695.762400	    4	  33912.000000000000	  22830.000000000000	   5345.000000000000	   1995.000000000000	    695.473000000000	    695.762400000000	   6420.000000000000	      0.000000000000	      1.485413929041	      0.234121769601	      0.087385019711	      0.281208935611
695.951900	    5	  33932.000000000000	  22853.000000000000	   5335.000000000000	   1834.000000000000	    695.677000000000	    695.951900000000	   6429.000000000000	      0.000000000000	      1.484794118934	      0.233448562552	      0.080252045683	      0.281319739203
696.154700	    6	  33954.000000000000	  22865.000000000000	   5349.000000000000	   1856.000000000000	    695.889000000000	    696.154700000000	   6428.000000000000	      0.000000000000	      1.484977039143	      0.233938333698	      0.081172097092	      0.281128362126
696.347500	    7	  33963.000000000000	  22881.000000000000	   5344.000000000000	   2024.000000000000	    696.124000000000	    696.347500000000	   6405.000000000000	      0.000000000000	      1.484331978497	      0.233556225689	      0.088457672305	      0.279926576636
696.558000	    8	  33983.000000000000	  22894.000000000000	   5325.000000000000	   2061.000000000000	    696.360000000000	    696.558000000000	   6423.000000000000	      0.000000000000	      1.484362715122	      0.232593692671	      0.090023586966	      0.280553856906
696.748000	    9	  34001.000000000000	  22907.000000000000	   5340.000000000000	   1903.000000000000	    696.576000000000	    696.748000000000	   6424.000000000000	      0.000000000000	      1.484306107303	      0.233116514603	      0.083075042563	      0.280438293971
696.958800	   10	  33997.000000000000	  22906.000000000000	   5345.000000000000	   1815.000000000000	    696.784000000000	    696.958800000000	   6427.000000000000	      0.000000000000	      1.484196280451	      0.233344975116	      0.079236881167	      0.280581507029
697.149500	   11	  34020.000000000000	  22917.000000000000	   5344.000000000000	   1938.000000000000	    697.017000000000	    697.149500000000	   6425.000000000000	      0.000000000000	      1.484487498364	      0.233189335428	      0.084566042676	      0.280359558406
697.374200	   12	  34018.000000000000	  22919.000000000000	   5356.000000000000	   2068.000000000000	    697.253000000000	    697.374200000000	   6441.000000000000	      0.000000000000	      1.484270692439	      0.233692569484	      0.090230812863	      0.281033203892
697.586900	   13	  34033.000000000000	  22930.000000000000	   5370.000000000000	   1974.000000000000	    697.484000000000	    697.586900000000	   6424.000000000000	      0.000000000000	      1.484212821631	      0.234191016136	      0.086088094200	      0.280156999564
697.824000	   14	  34044.000000000000	  22931.000000000000	   5357.000000000000	   1826.000000000000	    697.714000000000	    697.824000000000	   6419.000000000000	      0.000000000000	      1.484627796433	      0.233613885134	      0.079630194933	      0.279926736732
698.043100	   15	  34032.000000000000	  22920.000000000000	   5367.000000000000	   1860.000000000000	    697.932000000000	    698.043100000000	   6417.000000000000	      0.000000000000	      1.484816753927	      0.234162303665	      0.081151832461	      0.279973821990
698.281100	   16	  34044.000000000000	  22928.000000000000	   5353.000000000000	   2061.000000000000	    698.138000000000	    698.281100000000	   6421.000000000000	      0.000000000000	      1.484822051640	      0.233469993022	      0.089890090719	      0.280050593161
698.494800	   17	  34089.000000000000	  22955.000000000000	   5373.000000000000	   2058.000000000000	    698.369000000000	    698.494800000000	   6432.000000000000	      0.000000000000	      1.485035939882	      0.234066652146	      0.089653670224	      0.280200392071
698.743800	   18	  34068.000000000000	  22942.000000000000	   5358.000000000000	   1861.000000000000	    698.589000000000	    698.743800000000	   6428.000000000000	      0.000000000000	      1.484962078284	      0.233545462471	      0.081117600907	      0.280184813878
698.953200	   19	  34098.000000000000	  22958.000000000000	   5344.000000000000	   1815.000000000000	    698.816000000000	    698.953200000000	   6428.000000000000	      0.000000000000	      1.485233905392	      0.232772889625	      0.079057409182	      0.279989546128
699.188300	   20	  34088.000000000000	  22957.000000000000	   5353.000000000000	   1978.000000000000	    699.044000000000	    699.188300000000	   6436.000000000000	      0.000000000000	      1.484863004748	      0.233175066429	      0.086161083765	      0.280350219976
699.394400	   21	  34097.000000000000	  22964.000000000000	   5384.000000000000	   2097.000000000000	    699.277000000000	    699.394400000000	   6426.000000000000	      0.000000000000	      1.484802299251	      0.234453927887	      0.091316843755	      0.279829298032
699.626200	   22	  34102.000000000000	  22960.000000000000	   5374.000000000000	   1936.000000000000	    699.497000000000	    699.626200000000	   6464.000000000000	      0.000000000000	      1.485278745645	      0.234059233449	      0.084320557491	      0.281533101045
699.824000	   23	  34121.000000000000	  22969.000000000000	   5385.000000000000	   1802.000000000000	    699.709000000000	    699.824000000000	   6468.000000000000	      0.000000000000	      1.485523967086	      0.234446427794	      0.078453567852	      0.281596934999
700.046800	   24	  34157.000000000000	  22984.000000000000	   5381.000000000000	   1895.000000000000	    699.958000000000	    700.046800000000	   6475.000000000000	      0.000000000000	      1.486120779673	      0.234119387400	      0.082448659937	      0.281717716672
700.266800	   25	  34142.000000000000	  22973.000000000000	   5395.000000000000	   2091.000000000000	    700.164000000000	    700.266800000000	   6474.000000000000	      0.000000000000	      1.486179428024	      0.234840900187	      0.091019892918	      0.281809080225
700.463900	   26	  34179.000000000000	  22998.000000000000	   5400.000000000000	   2030.000000000000	    700.395000000000	    700.463900000000	   6495.000000000000	      0.000000000000	      1.486172710670	      0.234803026350	      0.088268545091	      0.282415862249
700.667700	   27	  34173.000000000000	  22997.000000000000	   5399.000000000000	   1828.000000000000	    700.615000000000	    700.667700000000	   6497.000000000000	      0.000000000000	      1.485976431708	      0.234769752576	      0.079488628952	      0.282515110667
700.857900	   28	  34175.000000000000	  22997.000000000000	   5405.000000000000	   1817.000000000000	    700.844000000000	    700.857900000000	   6512.000000000000	      0.000000000000	      1.486063399574	      0.235030656173	      0.079010305692	      0.283167369657
701.053300	   29	  34186.000000000000	  23006.000000000000	   5408.000000000000	   2019.000000000000	    701.068000000000	    701.053300000000	   6541.000000000000	      0.000000000000	      1.485960184300	      0.235069112405	      0.087759714857	      0.284317134661
701.248300	   30	  34225.000000000000	  23012.000000000000	   5415.000000000000	   2100.000000000000	    701.289000000000	    701.248300000000	   6569.000000000000	      0.000000000000	      1.487267512602	      0.235312011125	      0.091256735616	      0.285459760125
701.439800	   31	  34257.000000000000	  23026.000000000000	   5436.000000000000	   1909.000000000000	    701.523000000000	    701.439800000000	   6597.000000000000	      0.000000000000	      1.487752974898	      0.236080951967	      0.082906279858	      0.286502214888
701.621100	   32	  34269.000000000000	  23030.000000000000	   5432.000000000000	   1798.000000000000	    701.766000000000	    701.621100000000	   6601.000000000000	      0.000000000000	      1.488015631785	      0.235866261398	      0.078072079896	      0.286626139818
701.830800	   33	  34302.000000000000	  23038.000000000000	   5423.000000000000	   1937.000000000000	    701.981000000000	    701.830800000000	   6648.000000000000	      0.000000000000	      1.488931330845	      0.235393697370	      0.084078479035	      0.288566715861
702.011300	   34	  34321.000000000000	  23040.000000000000	   5456.000000000000	   2108.000000000000	    702.193000000000	    702.011300000000	   6681.000000000000	      0.000000000000	      1.489626736111	      0.236805555556	      0.091493055556	      0.289973958333
702.231500	   35	  34362.000000000000	  23048.000000000000	   5473.000000000000	   1987.000000000000	    702.418000000000	    702.231500000000	   6749.000000000000	      0.000000000000	      1.490888580354	      0.237460951059	      0.086211384936	      0.292823672336
702.423500	   36	  34389.000000000000	  23053.000000000000	   5475.000000000000	   1806.000000000000	    702.656000000000	    702.423500000000	   6800.000000000000	      0.000000000000	      1.491736433436	      0.237496204399	      0.078341213725	      0.294972454778
702.645500	   37	  34418.000000000000	  23046.000000000000	   5497.000000000000	   1863.000000000000	    702.873000000000	    702.645500000000	   6859.000000000000	      0.000000000000	      1.493447886835	      0.238522954092	      0.080838323353	      0.297622147010
702.858800	   38	  34465.000000000000	  23056.000000000000	   5506.000000000000	   2073.000000000000	    703.102000000000	    702.858800000000	   6915.000000000000	      0.000000000000	      1.494838653713	      0.238809854268	      0.089911519778	      0.299921929216
703.101700	   39	  34505.000000000000	  23055.000000000000	   5525.000000000000	   2073.000000000000	    703.322000000000	    703.101700000000	   6995.000000000000	      0.000000000000	      1.496638473216	      0.239644328779	      0.089915419649	      0.303404901323
703.323500	   40	  34559.000000000000	  23063.000000000000	   5533.000000000000	   1859.000000000000	    703.547000000000	    703.323500000000	   7103.000000000000	      0.000000000000	      1.498460737979	      0.239908077874	      0.080605298530	      0.307982482765
703.572900	   41	  34615.000000000000	  23056.000000000000	   5572.000000000000	   1801.000000000000	    703.772000000000	    703.572900000000	   7232.000000000000	      0.000000000000	      1.501344552394	      0.241672449688	      0.078114156836	      0.313671061763
703.796100	   42	  34707.000000000000	  23059.000000000000	   5562.000000000000	   1974.000000000000	    703.998000000000	    703.796100000000	   7391.000000000000	      0.000000000000	      1.505138991283	      0.241207337699	      0.085606487705	      0.320525608222
704.047800	   43	  34831.000000000000	  23074.000000000000	   5608.000000000000	   2114.000000000000	    704.221000000000	    704.047800000000	   7585.000000000000	      0.000000000000	      1.509534541042	      0.243044118922	      0.091618271648	      0.328724971830
704.270800	   44	  34950.000000000000	  23069.000000000000	   5644.000000000000	   1937.000000000000	    704.444000000000	    704.270800000000	   7783.000000000000	      0.000000000000	      1.515020156921	      0.244657332351	      0.083965494820	      0.337379166847
704.508400	   45	  35112.000000000000	  23071.000000000000	   5686.000000000000	   1801.000000000000	    704.676000000000	    704.508400000000	   8095.000000000000	      0.000000000000	      1.521910623727	      0.246456590525	      0.078063369598	      0.350873390837
704.721300	   46	  35358.000000000000	  23086.000000000000	   5765.000000000000	   1911.000000000000	    704.909000000000	    704.721300000000	   8480.000000000000	      0.000000000000	      1.531577579485	      0.249718444079	      0.082777440873	      0.367322186607
704.960200	   47	  35667.000000000000	  23081.000000000000	   5848.000000000000	   2086.000000000000	    705.130000000000	    704.960200000000	   8999.000000000000	      0.000000000000	      1.545296997530	      0.253368571552	      0.090377366665	      0.389887786491
705.160500	   48	  36153.000000000000	  23085.000000000000	   5964.000000000000	   2024.000000000000	    705.346000000000	    705.160500000000	   9676.000000000000	      0.000000000000	      1.566081871345	      0.258349577648	      0.087675980074	      0.419146632012
705.381600	   49	  37050.000000000000	  23092.000000000000	   6156.000000000000	   1822.000000000000	    705.571000000000	    705.381600000000	  10709.000000000000	      0.000000000000	      1.604451758185	      0.266585830591	      0.078901784168	      0.463753680928
705.591500	   50	  38696.000000000000	  23104.000000000000	   6443.000000000000	   1839.000000000000	    705.808000000000	    705.591500000000	  12373.000000000000	      0.000000000000	      1.674861495845	      0.278869459834	      0.079596606648	      0.535534972299
705.817500	   51	  41666.000000000000	  23109.000000000000	   7094.000000000000	   2045.000000000000	    706.033000000000	    705.817500000000	  15401.000000000000	      0.000000000000	      1.803020468216	      0.306979964516	      0.088493660479	      0.666450300749
706.002700	   52	  47819.000000000000	  23110.000000000000	   8219.000000000000	   2097.000000000000	    706.254000000000	    706.002700000000	  19804.000000000000	      0.000000000000	      2.069190826482	      0.355646906101	      0.090739939420	      0.856945045435
706.199400	   53	  56475.000000000000	  23108.000000000000	   9371.000000000000	   1891.000000000000	    706.487000000000	    706.199400000000	  24221.000000000000	      0.000000000000	      2.443958802146	      0.405530552190	      0.081833131383	      1.048165137615
706.363500	   54	  65026.000000000000	  23090.000000000000	  10277.000000000000	   1804.000000000000	    706.703000000000	    706.363500000000	  27685.000000000000	      0.000000000000	      2.816197488090	      0.445084452144	      0.078129060199	      1.199003897791
706.559400	   55	  72717.000000000000	  23088.000000000000	  10841.000000000000	   1959.000000000000	    706.934000000000	    706.559400000000	  29431.000000000000	      0.000000000000	      3.149558212058	      0.469551282051	      0.084849272349	      1.274731462231
706.758500	   56	  79016.000000000000	  23076.000000000000	  11175.000000000000	   2117.000000000000	    707.139000000000	    706.758500000000	  29646.000000000000	      0.000000000000	      3.424163633212	      0.484269370775	      0.091740336280	      1.284711388456
706.957200	   57	  84186.000000000000	  23075.000000000000	  11322.000000000000	   1987.000000000000	    707.374000000000	    706.957200000000	  29130.000000000000	      0.000000000000	      3.648364030336	      0.490660888407	      0.086110509209	      1.262405200433
707.157000	   58	  88403.000000000000	  23088.000000000000	  11370.000000000000	   1819.000000000000	    707.619000000000	    707.157000000000	  27933.000000000000	      0.000000000000	      3.828958766459	      0.492463617464	      0.078785516286	      1.209849272349
707.362700	   59	  90129.000000000000	  23083.000000000000	  11286.000000000000	   1883.000000000000	    707.844000000000	    707.362700000000	  26063.000000000000	      0.000000000000	      3.904561798726	      0.488931248105	      0.081575185201	      1.129099337175
707.563800	   60	  90556.000000000000	  23083.000000000000	  11113.000000000000	   2086.000000000000	    708.053000000000	    707.563800000000	  23888.000000000000	      0.000000000000	      3.923060260798	      0.481436555041	      0.090369536022	      1.034874149807
707.756200	   61	  90360.000000000000	  23080.000000000000	  10929.000000000000	   2062.000000000000	    708.278000000000	    707.756200000000	  21908.000000000000	      0.000000000000	      3.915077989601	      0.473526863085	      0.089341421144	      0.949220103986
707.981600	   62	  87052.000000000000	  23084.000000000000	  10767.000000000000	   1864.000000000000	    708.498000000000	    707.981600000000	  20493.000000000000	      0.000000000000	      3.771096863628	      0.466426962398	      0.080748570438	      0.887757754289
708.182500	   63	  83147.000000000000	  23077.000000000000	  10655.000000000000	   1826.000000000000	    708.772000000000	    708.182500000000	  19812.000000000000	      0.000000000000	      3.603024656584	      0.461715127616	      0.079126402912	      0.858517138276
708.423800	   64	  82072.000000000000	  23087.000000000000	  10621.000000000000	   2016.000000000000	    708.967000000000	    708.423800000000	  19642.000000000000	      0.000000000000	      3.554901026552	      0.460042448131	      0.087321869450	      0.850781825270
708.634900	   65	  83707.000000000000	  23086.000000000000	  10570.000000000000	   2110.000000000000	    709.187000000000	    708.634900000000	  19510.000000000000	      0.000000000000	      3.625877154986	      0.457853244391	      0.091397383696	      0.845100926969
708.870300	   66	  86894.000000000000	  23099.000000000000	  10532.000000000000	   1936.000000000000	    709.415000000000	    708.870300000000	  19318.000000000000	      0.000000000000	      3.761807870471	      0.455950474046	      0.083813152085	      0.836313260314
709.077000	   67	  89294.000000000000	  23098.000000000000	  10439.000000000000	   1812.000000000000	    709.638000000000	    709.077000000000	  18887.000000000000	      0.000000000000	      3.865875833405	      0.451943891246	      0.078448350507	      0.817689843276
709.307300	   68	  89361.000000000000	  23098.000000000000	  10218.000000000000	   1920.000000000000	    709.867000000000	    709.307300000000	  18167.000000000000	      0.000000000000	      3.868776517447	      0.442375963287	      0.083124080007	      0.786518313274
709.505900	   69	  86637.000000000000	  23097.000000000000	   9996.000000000000	   2095.000000000000	    710.077000000000	    709.505900000000	  17305.000000000000	      0.000000000000	      3.751006624237	      0.432783478374	      0.090704420488	      0.749231501927
709.731800	   70	  81137.000000000000	  23091.000000000000	   9705.000000000000	   2016.000000000000	    710.300000000000	    709.731800000000	  16229.000000000000	      0.000000000000	      3.513793252782	      0.420293620891	      0.087306742887	      0.702827941622
709.920100	   71	  74758.000000000000	  23092.000000000000	   9437.000000000000	   1830.000000000000	    710.584000000000	    709.920100000000	  15284.000000000000	      0.000000000000	      3.237398233154	      0.408669669149	      0.079248224493	      0.661874242162
710.128500	   72	  69392.000000000000	  23073.000000000000	   9192.000000000000	   1857.000000000000	    710.771000000000	    710.128500000000	  14408.000000000000	      0.000000000000	      3.007497941317	      0.398387725913	      0.080483682226	      0.624452823647
710.320700	   73	  65490.000000000000	  23075.000000000000	   9017.000000000000	   2034.000000000000	    710.986000000000	    710.320700000000	  13725.000000000000	      0.000000000000	      2.838136511376	      0.390769230769	      0.088147345612	      0.594799566631
710.524500	   74	  62524.000000000000	  23070.000000000000	   8900.000000000000	   2079.000000000000	    711.219000000000	    710.524500000000	  13264.000000000000	      0.000000000000	      2.710186389250	      0.385782401387	      0.090117035111	      0.574945817078
710.701200	   75	  60122.000000000000	  23057.000000000000	   8766.000000000000	   1906.000000000000	    711.428000000000	    710.701200000000	  12834.000000000000	      0.000000000000	      2.607537841003	      0.380188229171	      0.082664700525	      0.556620549074
710.892600	   76	  58129.000000000000	  23037.000000000000	   8684.000000000000	   1815.000000000000	    711.671000000000	    710.892600000000	  12545.000000000000	      0.000000000000	      2.523288622651	      0.376958805400	      0.078786300300	      0.544558753310
711.058400	   77	  56570.000000000000	  23035.000000000000	   8618.000000000000	   1943.000000000000	    711.923000000000	    711.058400000000	  12310.000000000000	      0.000000000000	      2.455828087693	      0.374126329499	      0.084349902323	      0.534404167571
711.251600	   78	  55285.000000000000	  23023.000000000000	   8555.000000000000	   2083.000000000000	    712.124000000000	    711.251600000000	  12097.000000000000	      0.000000000000	      2.401294357816	      0.371584936802	      0.090474742649	      0.525431090648
711.420700	   79	  54200.000000000000	  23024.000000000000	   8492.000000000000	   1978.000000000000	    712.343000000000	    711.420700000000	  11921.000000000000	      0.000000000000	      2.354065323141	      0.368832522585	      0.085910354413	      0.517764072272
711.604600	   80	  53222.000000000000	  23004.000000000000	   8397.000000000000	   1817.000000000000	    712.558000000000	    711.604600000000	  11763.000000000000	      0.000000000000	      2.313597635194	      0.365023474178	      0.078986263259	      0.511345852895
711.761800	   81	  52402.000000000000	  22993.000000000000	   8328.000000000000	   1868.000000000000	    712.830000000000	    711.761800000000	  11637.000000000000	      0.000000000000	      2.279041447397	      0.362197190449	      0.081242117166	      0.506110555386
711.941700	   82	  51654.000000000000	  22979.000000000000	   8301.000000000000	   2055.000000000000	    713.018000000000	    711.941700000000	  11493.000000000000	      0.000000000000	      2.247878497759	      0.361242873928	      0.089429479090	      0.500152312981
712.105800	   83	  50979.000000000000	  22967.000000000000	   8224.000000000000	   2057.000000000000	    713.268000000000	    712.105800000000	  11340.000000000000	      0.000000000000	      2.219662994732	      0.358078982888	      0.089563286454	      0.493751904907
712.304900	   84	  50309.000000000000	  22959.000000000000	   8145.000000000000	   1891.000000000000	    713.471000000000	    712.304900000000	  11207.000000000000	      0.000000000000	      2.191253974476	      0.354762838103	      0.082364214469	      0.488131016159
712.472900	   85	  49696.000000000000	  22953.000000000000	   8090.000000000000	   1822.000000000000	    713.712000000000	    712.472900000000	  11026.000000000000	      0.000000000000	      2.165120027883	      0.352459373502	      0.079379601795	      0.480372936000
712.661100	   86	  49088.000000000000	  22937.000000000000	   8035.000000000000	   1958.000000000000	    713.921000000000	    712.661100000000	  10920.000000000000	      0.000000000000	      2.140122945459	      0.350307363648	      0.085364258621	      0.476086672189
712.837700	   87	  48523.000000000000	  22927.000000000000	   7998.000000000000	   2076.000000000000	    714.133000000000	    712.837700000000	  10786.000000000000	      0.000000000000	      2.116412962882	      0.348846338378	      0.090548261875	      0.470449688141
713.047200	   88	  48028.000000000000	  22920.000000000000	   7954.000000000000	   1956.000000000000	    714.368000000000	    713.047200000000	  10644.000000000000	      0.000000000000	      2.095462478185	      0.347033158813	      0.085340314136	      0.464397905759
713.249500	   89	  47546.000000000000	  22923.000000000000	   7926.000000000000	   1818.000000000000	    714.624000000000	    713.249500000000	  10569.000000000000	      0.000000000000	      2.074161322689	      0.345766260961	      0.079308990970	      0.461065305588
713.455600	   90	  47075.000000000000	  22911.000000000000	   7891.000000000000	   1884.000000000000	    714.829000000000	    713.455600000000	  10480.000000000000	      0.000000000000	      2.054689886954	      0.344419711056	      0.082231242635	      0.457422198944
713.663400	   91	  46634.000000000000	  22899.000000000000	   7874.000000000000	   2062.000000000000	    715.064000000000	    713.663400000000	  10360.000000000000	      0.000000000000	      2.036508144460	      0.343857810385	      0.090047600332	      0.452421503122
713.878200	   92	  46219.000000000000	  22887.000000000000	   7807.000000000000	   2046.000000000000	    715.265000000000	    713.878200000000	  10290.000000000000	      0.000000000000	      2.019443352121	      0.341110674182	      0.089395726832	      0.449600209726
714.104200	   93	  45819.000000000000	  22873.000000000000	   7784.000000000000	   1870.000000000000	    715.503000000000	    714.104200000000	  10202.000000000000	      0.000000000000	      2.003191535872	      0.340313907227	      0.081755781926	      0.446028068028
714.317700	   94	  45468.000000000000	  22872.000000000000	   7753.000000000000	   1827.000000000000	    715.714000000000	    714.317700000000	  10114.000000000000	      0.000000000000	      1.987932843652	      0.338973417279	      0.079879328437	      0.442200069955
714.550500	   95	  45162.000000000000	  22863.000000000000	   7725.000000000000	   1988.000000000000	    715.966000000000	    714.550500000000	  10026.000000000000	      0.000000000000	      1.975331321349	      0.337882167695	      0.086952718366	      0.438525127936
714.758900	   96	  44839.000000000000	  22849.000000000000	   7663.000000000000	   2099.000000000000	    716.171000000000	    714.758900000000	   9900.000000000000	      0.000000000000	      1.962405356908	      0.335375727603	      0.091863976542	      0.433279355770
714.994000	   97	  44579.000000000000	  22848.000000000000	   7631.000000000000	   1933.000000000000	    716.401000000000	    714.994000000000	   9849.000000000000	      0.000000000000	      1.951111694678	      0.333989845938	      0.084602591036	      0.431066176471
715.206400	   98	  44324.000000000000	  22840.000000000000	   7608.000000000000	   1817.000000000000	    716.616000000000	    715.206400000000	   9742.000000000000	      0.000000000000	      1.940630472855	      0.333099824869	      0.079553415061	      0.426532399299
715.422200	   99	  44093.000000000000	  22834.000000000000	   7569.000000000000	   1906.000000000000	    716.856000000000	    715.422200000000	   9667.000000000000	      0.000000000000	      1.931023911711	      0.331479372865	      0.083472015416	      0.423359901901
715.615700	  100	  43876.000000000000	  22824.000000000000	   7527.000000000000	   2082.000000000000	    717.055000000000	    715.615700000000	   9546.000000000000	      0.000000000000	      1.922362425517	      0.329784437434	      0.091219768665	      0.418243953733
715.825800	  101	  43679.000000000000	  22821.000000000000	   7516.000000000000	   2025.000000000000	    717.323000000000	    715.825800000000	   9486.000000000000	      0.000000000000	      1.913982735200	      0.329345778011	      0.088734060734	      0.415669777836
716.010900	  102	  43433.000000000000	  22798.000000000000	   7489.000000000000	   1842.000000000000	    717.532000000000	    716.010900000000	   9399.000000000000	      0.000000000000	      1.905123256426	      0.328493727520	      0.080796561102	      0.412273006404
716.215900	  103	  43232.000000000000	  22797.000000000000	   7479.000000000000	   1827.000000000000	    717.758000000000	    716.215900000000	   9306.000000000000	      0.000000000000	      1.896389875861	      0.328069482827	      0.080142123964	      0.408211606790
716.403400	  104	  43029.000000000000	  22792.000000000000	   7464.000000000000	   2038.000000000000	    718.012000000000	    716.403400000000	   9218.000000000000	      0.000000000000	      1.887899262899	      0.327483327483	      0.089417339417	      0.404440154440
716.595800	  105	  42841.000000000000	  22790.000000000000	   7451.000000000000	   2096.000000000000	    718.201000000000	    716.595800000000	   9159.000000000000	      0.000000000000	      1.879815708644	      0.326941641071	      0.091970162352	      0.401886792453
716.780300	  106	  42698.000000000000	  22794.000000000000	   7464.000000000000	   1910.000000000000	    718.424000000000	    716.780300000000	   9057.000000000000	      0.000000000000	      1.873212248837	      0.327454593314	      0.083793980872	      0.397341405633
716.980400	  107	  42540.000000000000	  22789.000000000000	   7470.000000000000	   1789.000000000000	    718.652000000000	    716.980400000000	   8988.000000000000	      0.000000000000	      1.866690069771	      0.327789723112	      0.078502786432	      0.394400807407
717.144700	  108	  42414.000000000000	  22790.000000000000	   7462.000000000000	   1949.000000000000	    718.874000000000	    717.144700000000	   8957.000000000000	      0.000000000000	      1.861079420799	      0.327424308907	      0.085519964897	      0.393023255814
717.332700	  109	  42301.000000000000	  22786.000000000000	   7447.000000000000	   2100.000000000000	    719.128000000000	    717.332700000000	   8868.000000000000	      0.000000000000	      1.856446941104	      0.326823488107	      0.092161853770	      0.389186342491
717.505800	  110	  42224.000000000000	  22774.000000000000	   7457.000000000000	   1993.000000000000	    719.364000000000	    717.505800000000	   8792.000000000000	      0.000000000000	      1.854044085360	      0.327434794063	      0.087512075173	      0.386054272416
717.707900	  111	  42224.000000000000	  22773.000000000000	   7500.000000000000	   1828.000000000000	    719.547000000000	    717.707900000000	   8734.000000000000	      0.000000000000	      1.854125499495	      0.329337373205	      0.080270495763	      0.383524349010
717.884400	  112	  42299.000000000000	  22776.000000000000	   7572.000000000000	   1848.000000000000	    719.776000000000	    717.884400000000	   8714.000000000000	      0.000000000000	      1.857174218476	      0.332455216017	      0.081138040042	      0.382595714787
718.102300	  113	  42519.000000000000	  22784.000000000000	   7597.000000000000	   2055.000000000000	    719.998000000000	    718.102300000000	   8692.000000000000	      0.000000000000	      1.866178019663	      0.333435744382	      0.090194873596	      0.381495786517
718.288600	  114	  42939.000000000000	  22783.000000000000	   7740.000000000000	   2068.000000000000	    720.270000000000	    718.288600000000	   8799.000000000000	      0.000000000000	      1.884694728526	      0.339726989422	      0.090769433349	      0.386209015494
718.508300	  115	  43714.000000000000	  22790.000000000000	   7951.000000000000	   1857.000000000000	    720.490000000000	    718.508300000000	   8994.000000000000	      0.000000000000	      1.918121983326	      0.348881088197	      0.081483106626	      0.394646774901
718.710500	  116	  45045.000000000000	  22785.000000000000	   8231.000000000000	   1811.000000000000	    720.651000000000	    718.710500000000	   9400.000000000000	      0.000000000000	      1.976958525346	      0.361246434057	      0.079482115427	      0.412552117621
718.944500	  117	  46832.000000000000	  22793.000000000000	   8617.000000000000	   1971.000000000000	    720.923000000000	    718.944500000000	   9988.000000000000	      0.000000000000	      2.054665906199	      0.378054665906	      0.086473917431	      0.438204711973
719.167300	  118	  48742.000000000000	  22797.000000000000	   8992.000000000000	   2118.000000000000	    721.163000000000	    719.167300000000	  10750.000000000000	      0.000000000000	      2.138088344958	      0.394437864631	      0.092906961442	      0.471553274554
719.403200	  119	  50356.000000000000	  22802.000000000000	   9325.000000000000	   1969.000000000000	    721.379000000000	    719.403200000000	  11548.000000000000	      0.000000000000	      2.208402771687	      0.408955354793	      0.086352074379	      0.506446802912
719.619400	  120	  51687.000000000000	  22805.000000000000	   9592.000000000000	   1796.000000000000	    721.566000000000	    719.619400000000	  12275.000000000000	      0.000000000000	      2.266476649857	      0.420609515457	      0.078754659066	      0.538259153694
719.877200	  121	  52952.000000000000	  22821.000000000000	   9757.000000000000	   1878.000000000000	    721.823000000000	    719.877200000000	  12910.000000000000	      0.000000000000	      2.320319004426	      0.427544805223	      0.082292625214	      0.565707024232
720.125400	  122	  54195.000000000000	  22834.000000000000	   9905.000000000000	   2089.000000000000	    722.057000000000	    720.125400000000	  13477.000000000000	      0.000000000000	      2.373434352282	      0.433782955242	      0.091486379960	      0.590216344048
720.353300	  123	  55225.000000000000	  22840.000000000000	   9936.000000000000	   2048.000000000000	    722.283000000000	    720.353300000000	  13833.000000000000	      0.000000000000	      2.417907180385	      0.435026269702	      0.089667250438	      0.605647985989
720.566800	  124	  56076.000000000000	  22848.000000000000	   9971.000000000000	   1830.000000000000	    722.502000000000	    720.566800000000	  14136.000000000000	      0.000000000000	      2.454306722689	      0.436405812325	      0.080094537815	      0.618697478992
720.780900	  125	  56751.000000000000	  22857.000000000000	   9966.000000000000	   1831.000000000000	    722.732000000000	    720.780900000000	  14392.000000000000	      0.000000000000	      2.482871767949	      0.436015225095	      0.080106750667	      0.629653935337
721.002700	  126	  57014.000000000000	  22861.000000000000	   9929.000000000000	   2021.000000000000	    722.960000000000	    721.002700000000	  14478.000000000000	      0.000000000000	      2.493941647347	      0.434320458423	      0.088403831853	      0.633305629675
721.221400	  127	  56737.000000000000	  22869.000000000000	   9895.000000000000	   2093.000000000000	    723.172000000000	    721.221400000000	  14679.000000000000	      0.000000000000	      2.480956753684	      0.432681796318	      0.091521273339	      0.641873278237
721.441900	  128	  56113.000000000000	  22888.000000000000	   9856.000000000000	   1915.000000000000	    723.361000000000	    721.441900000000	  14833.000000000000	      0.000000000000	      2.451634044041	      0.430618664803	      0.083668297798	      0.648068857043
721.654400	  129	  55413.000000000000	  22892.000000000000	   9808.000000000000	   1808.000000000000	    723.628000000000	    721.654400000000	  14987.000000000000	      0.000000000000	      2.420627293378	      0.428446618906	      0.078979556177	      0.654682858641
721.846300	  130	  54786.000000000000	  22894.000000000000	   9693.000000000000	   1940.000000000000	    723.850000000000	    721.846300000000	  15012.000000000000	      0.000000000000	      2.393028741155	      0.423386040010	      0.084738359395	      0.655717655281
722.064500	  131	  54323.000000000000	  22903.000000000000	   9591.000000000000	   2095.000000000000	    724.070000000000	    722.064500000000	  15014.000000000000	      0.000000000000	      2.371872680435	      0.418766100511	      0.091472732830	      0.655547308213
722.260500	  132	  53918.000000000000	  22920.000000000000	   9480.000000000000	   2004.000000000000	    724.298000000000	    722.260500000000	  14930.000000000000	      0.000000000000	      2.352443280977	      0.413612565445	      0.087434554974	      0.651396160558
722.477200	  133	  53545.000000000000	  22938.000000000000	   9339.000000000000	   1821.000000000000	    724.528000000000	    722.477200000000	  14748.000000000000	      0.000000000000	      2.334336036272	      0.407140988752	      0.079387915250	      0.642950562386
722.662600	  134	  53085.000000000000	  22951.000000000000	   9185.000000000000	   1853.000000000000	    724.742000000000	    722.662600000000	  14568.000000000000	      0.000000000000	      2.312971112370	      0.400200426997	      0.080737222779	      0.634743584158
722.881800	  135	  52473.000000000000	  22972.000000000000	   9068.000000000000	   2022.000000000000	    724.964000000000	    722.881800000000	  14285.000000000000	      0.000000000000	      2.284215566777	      0.394741424343	      0.088020198503	      0.621843983980
723.073900	  136	  51674.000000000000	  22982.000000000000	   8960.000000000000	   2064.000000000000	    725.190000000000	    723.073900000000	  14028.000000000000	      0.000000000000	      2.248455312854	      0.389870333304	      0.089809416065	      0.610390740580
723.287300	  137	  50833.000000000000	  22990.000000000000	   8884.000000000000	   1890.000000000000	    725.420000000000	    723.287300000000	  13800.000000000000	      0.000000000000	      2.211091779034	      0.386428882123	      0.082209656372	      0.600260983036
723.485600	  138	  50075.000000000000	  23007.000000000000	   8776.000000000000	   1812.000000000000	    725.655000000000	    723.485600000000	  13589.000000000000	      0.000000000000	      2.176511496501	      0.381449124180	      0.078758638675	      0.590646325032
723.706900	  139	  49377.000000000000	  23021.000000000000	   8717.000000000000	   1955.000000000000	    725.865000000000	    723.706900000000	  13452.000000000000	      0.000000000000	      2.144867729464	      0.378654272186	      0.084922462100	      0.584336041006
723.915300	  140	  48742.000000000000	  23041.000000000000	   8655.000000000000	   2088.000000000000	    726.085000000000	    723.915300000000	  13293.000000000000	      0.000000000000	      2.115446378195	      0.375634738076	      0.090621066794	      0.576928084719
724.155400	  141	  48124.000000000000	  23046.000000000000	   8635.000000000000	   1976.000000000000	    726.315000000000	    724.155400000000	  13146.000000000000	      0.000000000000	      2.088171483121	      0.374685411785	      0.085741560358	      0.570424368654
724.395700	  142	  47614.000000000000	  23064.000000000000	   8588.000000000000	   1821.000000000000	    726.547000000000	    724.395700000000	  13077.000000000000	      0.000000000000	      2.064429413805	      0.372355185571	      0.078954214360	      0.566987513007
724.647100	  143	  47201.000000000000	  23088.000000000000	   8539.000000000000	   1855.000000000000	    726.757000000000	    724.647100000000	  12980.000000000000	      0.000000000000	      2.044395356895	      0.369845807346	      0.080344767845	      0.562196812197
724.884400	  144	  46857.000000000000	  23105.000000000000	   8502.000000000000	   2051.000000000000	    726.973000000000	    724.884400000000	  12911.000000000000	      0.000000000000	      2.028002596841	      0.367972300368	      0.088768664791	      0.558796797230
725.163000	  145	  46556.000000000000	  23117.000000000000	   8472.000000000000	   2069.000000000000	    727.204000000000	    725.163000000000	  12850.000000000000	      0.000000000000	      2.013929143055	      0.366483540252	      0.089501232859	      0.555867975948
725.399000	  146	  46299.000000000000	  23136.000000000000	   8436.000000000000	   1886.000000000000	    727.436000000000	    725.399000000000	  12795.000000000000	      0.000000000000	      2.001167012448	      0.364626556017	      0.081517980636	      0.553034232365
725.682900	  147	  46091.000000000000	  23154.000000000000	   8437.000000000000	   1817.000000000000	    727.659000000000	    725.682900000000	  12761.000000000000	      0.000000000000	      1.990627969249	      0.364386283148	      0.078474561631	      0.551135872851
725.924700	  148	  45912.000000000000	  23169.000000000000	   8426.000000000000	   1946.000000000000	    727.879000000000	    725.924700000000	  12749.000000000000	      0.000000000000	      1.981613362683	      0.363675601019	      0.083991540420	      0.550261124779
726.192000	  149	  45789.000000000000	  23200.000000000000	   8400.000000000000	   2098.000000000000	    728.103000000000	    726.192000000000	  12724.000000000000	      0.000000000000	      1.973663793103	      0.362068965517	      0.090431034483	      0.548448275862
726.422700	  150	  45673.000000000000	  23210.000000000000	   8370.000000000000	   1985.000000000000	    728.329000000000	    726.422700000000	  12687.000000000000	      0.000000000000	      1.967815596726	      0.360620422232	      0.085523481258	      0.546617837139
726.677100	  151	  45597.000000000000	  23230.000000000000	   8389.000000000000	   1811.000000000000	    728.550000000000	    726.677100000000	  12673.000000000000	      0.000000000000	      1.962849763237	      0.361127851916	      0.077959535084	      0.545544554455
726.900400	  152	  45521.000000000000	  23243.000000000000	   8376.000000000000	   1859.000000000000	    728.772000000000	    726.900400000000	  12654.000000000000	      0.000000000000	      1.958482123650	      0.360366561976	      0.079981069569	      0.544421976509
727.143600	  153	  45474.000000000000	  23271.000000000000	   8354.000000000000	   2072.000000000000	    728.994000000000	    727.143600000000	  12654.000000000000	      0.000000000000	      1.954105968802	      0.358987581110	      0.089037858279	      0.543766920201
727.354000	  154	  45417.000000000000	  23289.000000000000	   8321.000000000000	   2057.000000000000	    729.207000000000	    727.354000000000	  12657.000000000000	      0.000000000000	      1.950148138606	      0.357293142685	      0.088324960282	      0.543475460518
727.585400	  155	  45390.000000000000	  23310.000000000000	   8304.000000000000	   1860.000000000000	    729.445000000000	    727.585400000000	  12698.000000000000	      0.000000000000	      1.947232947233	      0.356241956242	      0.079794079794	      0.544744744745
727.817500	  156	  45382.000000000000	  23338.000000000000	   8318.000000000000	   1811.000000000000	    729.684000000000	    727.817500000000	  12679.000000000000	      0.000000000000	      1.944553946354	      0.356414431399	      0.077598765961	      0.543277058874
728.047500	  157	  45380.000000000000	  23367.000000000000	   8324.000000000000	   1992.000000000000	    729.886000000000	    728.047500000000	  12695.000000000000	      0.000000000000	      1.942055034878	      0.356228869774	      0.085248427269	      0.543287542260
728.261700	  158	  45390.000000000000	  23393.000000000000	   8281.000000000000	   2118.000000000000	    730.109000000000	    728.261700000000	  12762.000000000000	      0.000000000000	      1.940324028556	      0.353994784765	      0.090539905100	      0.545547813448
728.488700	  159	  45382.000000000000	  23413.000000000000	   8308.000000000000	   1935.000000000000	    730.327000000000	    728.488700000000	  12738.000000000000	      0.000000000000	      1.938324862256	      0.354845598599	      0.082646393030	      0.544056720625
728.719700	  160	  45438.000000000000	  23452.000000000000	   8292.000000000000	   1789.000000000000	    730.570000000000	    728.719700000000	  12739.000000000000	      0.000000000000	      1.937489339928	      0.353573256012	      0.076283472625	      0.543194610268
728.950300	  161	  45477.000000000000	  23479.000000000000	   8284.000000000000	   1929.000000000000	    730.788000000000	    728.950300000000	  12763.000000000000	      0.000000000000	      1.936922356148	      0.352825929554	      0.082158524639	      0.543592146173
729.204900	  162	  45533.000000000000	  23526.000000000000	   8262.000000000000	   2115.000000000000	    731.003000000000	    729.204900000000	  12837.000000000000	      0.000000000000	      1.935433137805	      0.351185921959	      0.089900535578	      0.545651619485
729.441400	  163	  45583.000000000000	  23560.000000000000	   8298.000000000000	   2020.000000000000	    731.229000000000	    729.441400000000	  12853.000000000000	      0.000000000000	      1.934762308998	      0.352207130730	      0.085738539898	      0.545543293718
729.714000	  164	  45630.000000000000	  23593.000000000000	   8281.000000000000	   1818.000000000000	    731.458000000000	    729.714000000000	  12838.000000000000	      0.000000000000	      1.934048234646	      0.350993938880	      0.077056754122	      0.544144449625
729.960800	  165	  45702.000000000000	  23631.000000000000	   8287.000000000000	   1855.000000000000	    731.687000000000	    729.960800000000	  12909.000000000000	      0.000000000000	      1.933985019678	      0.350683424316	      0.078498582371	      0.546273962168
730.255500	  166	  45774.000000000000	  23669.000000000000	   8303.000000000000	   2043.000000000000	    731.901000000000	    730.255500000000	  12967.000000000000	      0.000000000000	      1.933922007689	      0.350796400355	      0.086315433690	      0.547847395327
730.537600	  167	  45821.000000000000	  23700.000000000000	   8312.000000000000	   2090.000000000000	    732.114000000000	    730.537600000000	  12936.000000000000	      0.000000000000	      1.933375527426	      0.350717299578	      0.088185654008	      0.545822784810
730.836700	  168	  45882.000000000000	  23738.000000000000	   8287.000000000000	   1899.000000000000	    732.342000000000	    730.836700000000	  12976.000000000000	      0.000000000000	      1.932850282248	      0.349102704524	      0.079998314938	      0.546634088803
731.092600	  169	  45948.000000000000	  23778.000000000000	   8298.000000000000	   1804.000000000000	    732.569000000000	    731.092600000000	  13053.000000000000	      0.000000000000	      1.932374463790	      0.348978046934	      0.075868449828	      0.548952813525
731.365900	  170	  45975.000000000000	  23799.000000000000	   8328.000000000000	   1984.000000000000	    732.794000000000	    731.365900000000	  13077.000000000000	      0.000000000000	      1.931803857305	      0.349930669356	      0.083364847262	      0.549476868776
731.610400	  171	  45995.000000000000	  23821.000000000000	   8303.000000000000	   2131.000000000000	    733.011000000000	    731.610400000000	  13153.000000000000	      0.000000000000	      1.930859325805	      0.348557995046	      0.089458880819	      0.552159858948
731.881400	  172	  46037.000000000000	  23847.000000000000	   8307.000000000000	   1968.000000000000	    733.241000000000	    731.881400000000	  13130.000000000000	      0.000000000000	      1.930515368809	      0.348345703862	      0.082526103912	      0.550593366042
732.120700	  173	  46107.000000000000	  23879.000000000000	   8287.000000000000	   1808.000000000000	    733.474000000000	    732.120700000000	  13195.000000000000	      0.000000000000	      1.930859751246	      0.347041333389	      0.075715063445	      0.552577578626
732.387000	  174	  46151.000000000000	  23899.000000000000	   8282.000000000000	   1877.000000000000	    733.699000000000	    732.387000000000	  13262.000000000000	      0.000000000000	      1.931084982635	      0.346541696305	      0.078538850998	      0.554918615842
732.630000	  175	  46254.000000000000	  23944.000000000000	   8313.000000000000	   2091.000000000000	    733.916000000000	    732.630000000000	  13277.000000000000	      0.000000000000	      1.931757434013	      0.347185098563	      0.087328767123	      0.554502171734
732.898300	  176	  46371.000000000000	  23982.000000000000	   8291.000000000000	   2066.000000000000	    734.130000000000	    732.898300000000	  13409.000000000000	      0.000000000000	      1.933575181386	      0.345717621549	      0.086147944292	      0.559127679093
733.120400	  177	  46451.000000000000	  24017.000000000000	   8297.000000000000	   1856.000000000000	    734.361000000000	    733.120400000000	  13427.000000000000	      0.000000000000	      1.934088354083	      0.345463629929	      0.077278594329	      0.559062330849
733.365000	  178	  46526.000000000000	  24040.000000000000	   8343.000000000000	   1826.000000000000	    734.576000000000	    733.365000000000	  13494.000000000000	      0.000000000000	      1.935357737105	      0.347046589018	      0.075956738769	      0.561314475874
733.593000	  179	  46667.000000000000	  24080.000000000000	   8295.000000000000	   2025.000000000000	    734.803000000000	    733.593000000000	  13588.000000000000	      0.000000000000	      1.937998338870	      0.344476744186	      0.084094684385	      0.564285714286
733.835100	  180	  46736.000000000000	  24098.000000000000	   8337.000000000000	   2100.000000000000	    735.034000000000	    733.835100000000	  13615.000000000000	      0.000000000000	      1.939414059258	      0.345962320525	      0.087144161341	      0.564984646029
734.063900	  181	  46839.000000000000	  24133.000000000000	   8350.000000000000	   1920.000000000000	    735.247000000000	    734.063900000000	  13698.000000000000	      0.000000000000	      1.940869349024	      0.345999254133	      0.079559109932	      0.567604524924
734.318700	  182	  46939.000000000000	  24160.000000000000	   8367.000000000000	   1809.000000000000	    735.466000000000	    734.318700000000	  13760.000000000000	      0.000000000000	      1.942839403974	      0.346316225166	      0.074875827815	      0.569536423841
734.542200	  183	  47041.000000000000	  24188.000000000000	   8340.000000000000	   1932.000000000000	    735.689000000000	    734.542200000000	  13880.000000000000	      0.000000000000	      1.944807342484	      0.344799073921	      0.079874317844	      0.573838266909
734.790600	  184	  47111.000000000000	  24223.000000000000	   8343.000000000000	   2110.000000000000	    735.918000000000	    734.790600000000	  13935.000000000000	      0.000000000000	      1.944887090781	      0.344424720307	      0.087107294720	      0.575279692854
735.023300	  185	  47205.000000000000	  24254.000000000000	   8353.000000000000	   2018.000000000000	    736.143000000000	    735.023300000000	  13988.000000000000	      0.000000000000	      1.946276902779	      0.344396800528	      0.083202770677	      0.576729611610
735.281000	  186	  47281.000000000000	  24273.000000000000	   8350.000000000000	   1814.000000000000	    736.370000000000	    735.281000000000	  14057.000000000000	      0.000000000000	      1.947884480699	      0.344003625427	      0.074733242698	      0.579120833848
735.526500	  187	  47385.000000000000	  24304.000000000000	   8336.000000000000	   1874.000000000000	    736.583000000000	    735.526500000000	  14162.000000000000	      0.000000000000	      1.949679065174	      0.342988808427	      0.077106649111	      0.582702435813
735.796400	  188	  47431.000000000000	  24316.000000000000	   8357.000000000000	   2048.000000000000	    736.812000000000	    735.796400000000	  14241.000000000000	      0.000000000000	      1.950608652739	      0.343683171574	      0.084224379010	      0.585663760487
736.060900	  189	  47532.000000000000	  24350.000000000000	   8347.000000000000	   2061.000000000000	    737.031000000000	    736.060900000000	  14312.000000000000	      0.000000000000	      1.952032854209	      0.342792607803	      0.084640657084	      0.587761806982
736.353200	  190	  47578.000000000000	  24363.000000000000	   8324.000000000000	   1905.000000000000	    737.275000000000	    736.353200000000	  14379.000000000000	      0.000000000000	      1.952879366252	      0.341665640520	      0.078192340845	      0.590198251447
736.640100	  191	  47658.000000000000	  24390.000000000000	   8351.000000000000	   1828.000000000000	    737.489000000000	    736.640100000000	  14482.000000000000	      0.000000000000	      1.953997539975	      0.342394423944	      0.074948749487	      0.593767937679
736.921500	  192	  47689.000000000000	  24404.000000000000	   8376.000000000000	   1966.000000000000	    737.702000000000	    736.921500000000	  14552.000000000000	      0.000000000000	      1.954146861170	      0.343222422554	      0.080560563842	      0.596295689231
737.187400	  193	  47737.000000000000	  24427.000000000000	   8348.000000000000	   2099.000000000000	    737.924000000000	    737.187400000000	  14599.000000000000	      0.000000000000	      1.954271912228	      0.341752978262	      0.085929504237	      0.597658328898
737.456200	  194	  47801.000000000000	  24447.000000000000	   8345.000000000000	   1953.000000000000	    738.149000000000	    737.456200000000	  14731.000000000000	      0.000000000000	      1.955291037755	      0.341350676975	      0.079887102712	      0.602568822350
737.717300	  195	  47837.000000000000	  24464.000000000000	   8341.000000000000	   1806.000000000000	    738.380000000000	    737.717300000000	  14789.000000000000	      0.000000000000	      1.955403858731	      0.340949967299	      0.073822759974	      0.604520928712
737.983200	  196	  47888.000000000000	  24480.000000000000	   8336.000000000000	   1898.000000000000	    738.593000000000	    737.983200000000	  14858.000000000000	      0.000000000000	      1.956209150327	      0.340522875817	      0.077532679739	      0.606944444444
738.216800	  197	  47905.000000000000	  24496.000000000000	   8341.000000000000	   2070.000000000000	    738.816000000000	    738.216800000000	  14951.000000000000	      0.000000000000	      1.955625408230	      0.340504572175	      0.084503592423	      0.610344546048
738.459800	  198	  47942.000000000000	  24509.000000000000	   8365.000000000000	   2033.000000000000	    739.036000000000	    738.459800000000	  15029.000000000000	      0.000000000000	      1.956097760007	      0.341303194745	      0.082949120731	      0.613203313069
738.672200	  199	  47955.000000000000	  24516.000000000000	   8337.000000000000	   1891.000000000000	    739.259000000000	    738.672200000000	  15087.000000000000	      0.000000000000	      1.956069505629	      0.340063631914	      0.077133300702	      0.615394028390
